(kicad_pcb (version 20171130) (host pcbnew "(5.1.0-0)")

  (general
    (thickness 1.6)
    (drawings 4)
    (tracks 1109)
    (zones 0)
    (modules 96)
    (nets 149)
  )

  (page A4)
  (layers
    (0 F.Cu signal)
    (31 B.Cu signal)
    (32 B.Adhes user)
    (33 F.Adhes user)
    (34 B.Paste user)
    (35 F.Paste user)
    (36 B.SilkS user)
    (37 F.SilkS user)
    (38 B.Mask user)
    (39 F.Mask user)
    (40 Dwgs.User user)
    (41 Cmts.User user)
    (42 Eco1.User user)
    (43 Eco2.User user)
    (44 Edge.Cuts user)
    (45 Margin user)
    (46 B.CrtYd user)
    (47 F.CrtYd user)
    (48 B.Fab user)
    (49 F.Fab user)
  )

  (setup
    (last_trace_width 0.25)
    (user_trace_width 0.15)
    (trace_clearance 0.2)
    (zone_clearance 0.508)
    (zone_45_only no)
    (trace_min 0.1)
    (via_size 0.8)
    (via_drill 0.4)
    (via_min_size 0.4)
    (via_min_drill 0.3)
    (uvia_size 0.3)
    (uvia_drill 0.1)
    (uvias_allowed no)
    (uvia_min_size 0.2)
    (uvia_min_drill 0.1)
    (edge_width 0.05)
    (segment_width 0.2)
    (pcb_text_width 0.3)
    (pcb_text_size 1.5 1.5)
    (mod_edge_width 0.12)
    (mod_text_size 1 1)
    (mod_text_width 0.15)
    (pad_size 1.524 1.524)
    (pad_drill 0.762)
    (pad_to_mask_clearance 0.051)
    (solder_mask_min_width 0.25)
    (aux_axis_origin 0 0)
    (visible_elements FFFFFF7F)
    (pcbplotparams
      (layerselection 0x010fc_ffffffff)
      (usegerberextensions true)
      (usegerberattributes false)
      (usegerberadvancedattributes false)
      (creategerberjobfile false)
      (excludeedgelayer true)
      (linewidth 0.100000)
      (plotframeref false)
      (viasonmask false)
      (mode 1)
      (useauxorigin false)
      (hpglpennumber 1)
      (hpglpenspeed 20)
      (hpglpendiameter 15.000000)
      (psnegative false)
      (psa4output false)
      (plotreference true)
      (plotvalue true)
      (plotinvisibletext false)
      (padsonsilk false)
      (subtractmaskfromsilk false)
      (outputformat 1)
      (mirror false)
      (drillshape 0)
      (scaleselection 1)
      (outputdirectory "Gerber/"))
  )

  (net 0 "")
  (net 1 GND)
  (net 2 +3V3)
  (net 3 +5V)
  (net 4 "Net-(C14-Pad1)")
  (net 5 "Net-(C15-Pad1)")
  (net 6 "Net-(C20-Pad1)")
  (net 7 "Net-(C21-Pad1)")
  (net 8 "Net-(C21-Pad2)")
  (net 9 "Net-(C22-Pad1)")
  (net 10 "Net-(C22-Pad2)")
  (net 11 "Net-(C24-Pad2)")
  (net 12 "Net-(AE1-Pad1)")
  (net 13 "Net-(C26-Pad1)")
  (net 14 "Net-(D2-Pad2)")
  (net 15 nSRST)
  (net 16 "Net-(J1-Pad2)")
  (net 17 /STM32/PWM1_TM2)
  (net 18 /STM32/PWM1_TM1)
  (net 19 /STM32/PWM2_TM2)
  (net 20 /STM32/PWM2_TM1)
  (net 21 /STM32/PWM3_TM2)
  (net 22 /STM32/PWM3_TM1)
  (net 23 /STM32/PWM4_TM2)
  (net 24 nJTRST)
  (net 25 JTDI)
  (net 26 JTCK)
  (net 27 "Net-(J13-Pad11)")
  (net 28 JTDO)
  (net 29 "Net-(J13-Pad17)")
  (net 30 "Net-(J13-Pad19)")
  (net 31 "Net-(L4-Pad1)")
  (net 32 "Net-(FL1-Pad3)")
  (net 33 "Net-(R8-Pad2)")
  (net 34 "Net-(R11-Pad2)")
  (net 35 "Net-(SW1-Pad3)")
  (net 36 "Net-(SW2-Pad2)")
  (net 37 "Net-(TP18-Pad1)")
  (net 38 "Net-(TP19-Pad1)")
  (net 39 /STM32/IN0)
  (net 40 /STM32/IN1)
  (net 41 /STM32/IN2)
  (net 42 /STM32/IN3)
  (net 43 /STM32/IN4)
  (net 44 "Net-(U4-Pad19)")
  (net 45 /STM32/GPIO0_2)
  (net 46 /STM32/GPIO1_2)
  (net 47 /STM32/TX1)
  (net 48 /STM32/RX1)
  (net 49 "Net-(U4-Pad46)")
  (net 50 /STM32/GPIO2_2)
  (net 51 "Net-(U4-Pad53)")
  (net 52 "Net-(U4-Pad61)")
  (net 53 "Net-(U4-Pad62)")
  (net 54 "Net-(C27-Pad1)")
  (net 55 "Net-(C28-Pad1)")
  (net 56 "Net-(R12-Pad2)")
  (net 57 /STM32/SCK)
  (net 58 /STM32/MISO)
  (net 59 /STM32/MOSI)
  (net 60 /STM32/PWM4_TM1)
  (net 61 /Connectors.sch/SEGE_1)
  (net 62 /Connectors.sch/SEGD_1)
  (net 63 /Connectors.sch/SEGF_1)
  (net 64 /Connectors.sch/SEGC_1)
  (net 65 /Connectors.sch/SEGG_1)
  (net 66 /Connectors.sch/SEGB_1)
  (net 67 /Sensors/SEGDP_1)
  (net 68 /Connectors.sch/SEGA_1)
  (net 69 /Connectors.sch/DIG0_1)
  (net 70 /Connectors.sch/DIG1_1)
  (net 71 /Connectors.sch/DIG2_1)
  (net 72 /Connectors.sch/DIG3_1)
  (net 73 /Connectors.sch/SEGA_2)
  (net 74 /Sensors/SEGDP_2)
  (net 75 /Connectors.sch/SEGB_2)
  (net 76 /Connectors.sch/SEGG_2)
  (net 77 /Connectors.sch/SEGC_2)
  (net 78 /Connectors.sch/SEGF_2)
  (net 79 /Connectors.sch/SEGD_2)
  (net 80 /Connectors.sch/SEGE_2)
  (net 81 /Connectors.sch/DIG0_2)
  (net 82 /Connectors.sch/DIG1_2)
  (net 83 /Connectors.sch/DIG2_2)
  (net 84 /Connectors.sch/DIG3_2)
  (net 85 /Connectors.sch/SEGE_3)
  (net 86 /Connectors.sch/SEGD_3)
  (net 87 /Connectors.sch/SEGF_3)
  (net 88 /Connectors.sch/SEGC_3)
  (net 89 /Connectors.sch/SEGG_3)
  (net 90 /Connectors.sch/SEGB_3)
  (net 91 /Sensors/SEGDP_3)
  (net 92 /Connectors.sch/SEGA_3)
  (net 93 /Connectors.sch/DIG3_3)
  (net 94 /Connectors.sch/DIG2_3)
  (net 95 /Connectors.sch/DIG1_3)
  (net 96 /Connectors.sch/DIG0_3)
  (net 97 "Net-(R9-Pad2)")
  (net 98 "Net-(R10-Pad2)")
  (net 99 "Net-(R13-Pad2)")
  (net 100 /STM32/SCL1)
  (net 101 /STM32/SDA1)
  (net 102 "Net-(U5-Pad2)")
  (net 103 "Net-(U5-Pad1)")
  (net 104 "Net-(U8-Pad1)")
  (net 105 "Net-(U10-Pad2)")
  (net 106 "Net-(U10-Pad1)")
  (net 107 /Connectors.sch/SEGA_0)
  (net 108 /Sensors/SEGDP_0)
  (net 109 /Connectors.sch/SEGB_0)
  (net 110 /Connectors.sch/SEGG_0)
  (net 111 /Connectors.sch/SEGC_0)
  (net 112 /Connectors.sch/SEGF_0)
  (net 113 /Connectors.sch/SEGD_0)
  (net 114 /Connectors.sch/SEGE_0)
  (net 115 SEGE)
  (net 116 SEGD)
  (net 117 SEGDP)
  (net 118 SEGC)
  (net 119 SEGG)
  (net 120 SEGB)
  (net 121 SEGF)
  (net 122 SEGA)
  (net 123 DIG0)
  (net 124 DIG2)
  (net 125 DIG3)
  (net 126 DIG1)
  (net 127 /Connectors.sch/DIG3_0)
  (net 128 /Connectors.sch/DIG2_0)
  (net 129 /Connectors.sch/DIG1_0)
  (net 130 /Connectors.sch/DIG0_0)
  (net 131 JTMS)
  (net 132 /STM32/GPIO_EXT0)
  (net 133 /STM32/GPIO_EXT6)
  (net 134 /STM32/GPIO_EXT11)
  (net 135 /STM32/GPIO_EXT1)
  (net 136 /STM32/GPIO_EXT7)
  (net 137 /STM32/GPIO_EXT12)
  (net 138 /STM32/GPIO_EXT2)
  (net 139 /STM32/GPIO_EXT10)
  (net 140 /STM32/GPIO_EXT13)
  (net 141 /STM32/LPRX1)
  (net 142 /STM32/LPTX1)
  (net 143 /STM32/GPIO_EXT4)
  (net 144 /STM32/GPIO_EXT5)
  (net 145 /Connectors.sch/BAT+)
  (net 146 /Connectors.sch/12V)
  (net 147 /Connectors.sch/BAT-)
  (net 148 +5VP)

  (net_class Default "This is the default net class."
    (clearance 0.2)
    (trace_width 0.25)
    (via_dia 0.8)
    (via_drill 0.4)
    (uvia_dia 0.3)
    (uvia_drill 0.1)
    (add_net +3V3)
    (add_net +5V)
    (add_net +5VP)
    (add_net /Connectors.sch/12V)
    (add_net /Connectors.sch/BAT+)
    (add_net /Connectors.sch/BAT-)
    (add_net /Connectors.sch/DIG0_0)
    (add_net /Connectors.sch/DIG0_1)
    (add_net /Connectors.sch/DIG0_2)
    (add_net /Connectors.sch/DIG0_3)
    (add_net /Connectors.sch/DIG1_0)
    (add_net /Connectors.sch/DIG1_1)
    (add_net /Connectors.sch/DIG1_2)
    (add_net /Connectors.sch/DIG1_3)
    (add_net /Connectors.sch/DIG2_0)
    (add_net /Connectors.sch/DIG2_1)
    (add_net /Connectors.sch/DIG2_2)
    (add_net /Connectors.sch/DIG2_3)
    (add_net /Connectors.sch/DIG3_0)
    (add_net /Connectors.sch/DIG3_1)
    (add_net /Connectors.sch/DIG3_2)
    (add_net /Connectors.sch/DIG3_3)
    (add_net /Connectors.sch/SEGA_0)
    (add_net /Connectors.sch/SEGA_1)
    (add_net /Connectors.sch/SEGA_2)
    (add_net /Connectors.sch/SEGA_3)
    (add_net /Connectors.sch/SEGB_0)
    (add_net /Connectors.sch/SEGB_1)
    (add_net /Connectors.sch/SEGB_2)
    (add_net /Connectors.sch/SEGB_3)
    (add_net /Connectors.sch/SEGC_0)
    (add_net /Connectors.sch/SEGC_1)
    (add_net /Connectors.sch/SEGC_2)
    (add_net /Connectors.sch/SEGC_3)
    (add_net /Connectors.sch/SEGD_0)
    (add_net /Connectors.sch/SEGD_1)
    (add_net /Connectors.sch/SEGD_2)
    (add_net /Connectors.sch/SEGD_3)
    (add_net /Connectors.sch/SEGE_0)
    (add_net /Connectors.sch/SEGE_1)
    (add_net /Connectors.sch/SEGE_2)
    (add_net /Connectors.sch/SEGE_3)
    (add_net /Connectors.sch/SEGF_0)
    (add_net /Connectors.sch/SEGF_1)
    (add_net /Connectors.sch/SEGF_2)
    (add_net /Connectors.sch/SEGF_3)
    (add_net /Connectors.sch/SEGG_0)
    (add_net /Connectors.sch/SEGG_1)
    (add_net /Connectors.sch/SEGG_2)
    (add_net /Connectors.sch/SEGG_3)
    (add_net /STM32/GPIO0_2)
    (add_net /STM32/GPIO1_2)
    (add_net /STM32/GPIO2_2)
    (add_net /STM32/GPIO_EXT0)
    (add_net /STM32/GPIO_EXT1)
    (add_net /STM32/GPIO_EXT10)
    (add_net /STM32/GPIO_EXT11)
    (add_net /STM32/GPIO_EXT12)
    (add_net /STM32/GPIO_EXT13)
    (add_net /STM32/GPIO_EXT2)
    (add_net /STM32/GPIO_EXT4)
    (add_net /STM32/GPIO_EXT5)
    (add_net /STM32/GPIO_EXT6)
    (add_net /STM32/GPIO_EXT7)
    (add_net /STM32/IN0)
    (add_net /STM32/IN1)
    (add_net /STM32/IN2)
    (add_net /STM32/IN3)
    (add_net /STM32/IN4)
    (add_net /STM32/LPRX1)
    (add_net /STM32/LPTX1)
    (add_net /STM32/MISO)
    (add_net /STM32/MOSI)
    (add_net /STM32/PWM1_TM1)
    (add_net /STM32/PWM1_TM2)
    (add_net /STM32/PWM2_TM1)
    (add_net /STM32/PWM2_TM2)
    (add_net /STM32/PWM3_TM1)
    (add_net /STM32/PWM3_TM2)
    (add_net /STM32/PWM4_TM1)
    (add_net /STM32/PWM4_TM2)
    (add_net /STM32/RX1)
    (add_net /STM32/SCK)
    (add_net /STM32/SCL1)
    (add_net /STM32/SDA1)
    (add_net /STM32/TX1)
    (add_net /Sensors/SEGDP_0)
    (add_net /Sensors/SEGDP_1)
    (add_net /Sensors/SEGDP_2)
    (add_net /Sensors/SEGDP_3)
    (add_net DIG0)
    (add_net DIG1)
    (add_net DIG2)
    (add_net DIG3)
    (add_net GND)
    (add_net JTCK)
    (add_net JTDI)
    (add_net JTDO)
    (add_net JTMS)
    (add_net "Net-(AE1-Pad1)")
    (add_net "Net-(C14-Pad1)")
    (add_net "Net-(C15-Pad1)")
    (add_net "Net-(C20-Pad1)")
    (add_net "Net-(C21-Pad1)")
    (add_net "Net-(C21-Pad2)")
    (add_net "Net-(C22-Pad1)")
    (add_net "Net-(C22-Pad2)")
    (add_net "Net-(C24-Pad2)")
    (add_net "Net-(C26-Pad1)")
    (add_net "Net-(C27-Pad1)")
    (add_net "Net-(C28-Pad1)")
    (add_net "Net-(D2-Pad2)")
    (add_net "Net-(FL1-Pad3)")
    (add_net "Net-(J1-Pad2)")
    (add_net "Net-(J13-Pad11)")
    (add_net "Net-(J13-Pad17)")
    (add_net "Net-(J13-Pad19)")
    (add_net "Net-(L4-Pad1)")
    (add_net "Net-(R10-Pad2)")
    (add_net "Net-(R11-Pad2)")
    (add_net "Net-(R12-Pad2)")
    (add_net "Net-(R13-Pad2)")
    (add_net "Net-(R8-Pad2)")
    (add_net "Net-(R9-Pad2)")
    (add_net "Net-(SW1-Pad3)")
    (add_net "Net-(SW2-Pad2)")
    (add_net "Net-(TP18-Pad1)")
    (add_net "Net-(TP19-Pad1)")
    (add_net "Net-(U10-Pad1)")
    (add_net "Net-(U10-Pad2)")
    (add_net "Net-(U4-Pad19)")
    (add_net "Net-(U4-Pad46)")
    (add_net "Net-(U4-Pad53)")
    (add_net "Net-(U4-Pad61)")
    (add_net "Net-(U4-Pad62)")
    (add_net "Net-(U5-Pad1)")
    (add_net "Net-(U5-Pad2)")
    (add_net "Net-(U8-Pad1)")
    (add_net SEGA)
    (add_net SEGB)
    (add_net SEGC)
    (add_net SEGD)
    (add_net SEGDP)
    (add_net SEGE)
    (add_net SEGF)
    (add_net SEGG)
    (add_net nJTRST)
    (add_net nSRST)
  )

  (module Package_SO:SOIC-20W_7.5x12.8mm_P1.27mm (layer F.Cu) (tedit 5A02F2D3) (tstamp 5D226C66)
    (at 203.454 48.006 270)
    (descr "20-Lead Plastic Small Outline (SO) - Wide, 7.50 mm Body [SOIC] (see Microchip Packaging Specification 00000049BS.pdf)")
    (tags "SOIC 1.27")
    (path /5D311F84/5D302D04)
    (attr smd)
    (fp_text reference U7 (at 0 -7.5 270) (layer F.SilkS)
      (effects (font (size 1 1) (thickness 0.15)))
    )
    (fp_text value AS1105WL-T (at 0 7.5 270) (layer F.Fab)
      (effects (font (size 1 1) (thickness 0.15)))
    )
    (fp_text user %R (at 0 0 270) (layer F.Fab)
      (effects (font (size 1 1) (thickness 0.15)))
    )
    (fp_line (start -2.75 -6.4) (end 3.75 -6.4) (layer F.Fab) (width 0.15))
    (fp_line (start 3.75 -6.4) (end 3.75 6.4) (layer F.Fab) (width 0.15))
    (fp_line (start 3.75 6.4) (end -3.75 6.4) (layer F.Fab) (width 0.15))
    (fp_line (start -3.75 6.4) (end -3.75 -5.4) (layer F.Fab) (width 0.15))
    (fp_line (start -3.75 -5.4) (end -2.75 -6.4) (layer F.Fab) (width 0.15))
    (fp_line (start -5.95 -6.75) (end -5.95 6.75) (layer F.CrtYd) (width 0.05))
    (fp_line (start 5.95 -6.75) (end 5.95 6.75) (layer F.CrtYd) (width 0.05))
    (fp_line (start -5.95 -6.75) (end 5.95 -6.75) (layer F.CrtYd) (width 0.05))
    (fp_line (start -5.95 6.75) (end 5.95 6.75) (layer F.CrtYd) (width 0.05))
    (fp_line (start -3.875 -6.575) (end -3.875 -6.325) (layer F.SilkS) (width 0.15))
    (fp_line (start 3.875 -6.575) (end 3.875 -6.24) (layer F.SilkS) (width 0.15))
    (fp_line (start 3.875 6.575) (end 3.875 6.24) (layer F.SilkS) (width 0.15))
    (fp_line (start -3.875 6.575) (end -3.875 6.24) (layer F.SilkS) (width 0.15))
    (fp_line (start -3.875 -6.575) (end 3.875 -6.575) (layer F.SilkS) (width 0.15))
    (fp_line (start -3.875 6.575) (end 3.875 6.575) (layer F.SilkS) (width 0.15))
    (fp_line (start -3.875 -6.325) (end -5.675 -6.325) (layer F.SilkS) (width 0.15))
    (pad 1 smd rect (at -4.7 -5.715 270) (size 1.95 0.6) (layers F.Cu F.Paste F.Mask)
      (net 102 "Net-(U5-Pad2)"))
    (pad 2 smd rect (at -4.7 -4.445 270) (size 1.95 0.6) (layers F.Cu F.Paste F.Mask)
      (net 59 /STM32/MOSI))
    (pad 3 smd rect (at -4.7 -3.175 270) (size 1.95 0.6) (layers F.Cu F.Paste F.Mask)
      (net 123 DIG0))
    (pad 4 smd rect (at -4.7 -1.905 270) (size 1.95 0.6) (layers F.Cu F.Paste F.Mask)
      (net 1 GND))
    (pad 5 smd rect (at -4.7 -0.635 270) (size 1.95 0.6) (layers F.Cu F.Paste F.Mask)
      (net 124 DIG2))
    (pad 6 smd rect (at -4.7 0.635 270) (size 1.95 0.6) (layers F.Cu F.Paste F.Mask)
      (net 125 DIG3))
    (pad 7 smd rect (at -4.7 1.905 270) (size 1.95 0.6) (layers F.Cu F.Paste F.Mask)
      (net 1 GND))
    (pad 8 smd rect (at -4.7 3.175 270) (size 1.95 0.6) (layers F.Cu F.Paste F.Mask)
      (net 126 DIG1))
    (pad 9 smd rect (at -4.7 4.445 270) (size 1.95 0.6) (layers F.Cu F.Paste F.Mask)
      (net 45 /STM32/GPIO0_2))
    (pad 10 smd rect (at -4.7 5.715 270) (size 1.95 0.6) (layers F.Cu F.Paste F.Mask)
      (net 57 /STM32/SCK))
    (pad 11 smd rect (at 4.7 5.715 270) (size 1.95 0.6) (layers F.Cu F.Paste F.Mask)
      (net 122 SEGA))
    (pad 12 smd rect (at 4.7 4.445 270) (size 1.95 0.6) (layers F.Cu F.Paste F.Mask)
      (net 121 SEGF))
    (pad 13 smd rect (at 4.7 3.175 270) (size 1.95 0.6) (layers F.Cu F.Paste F.Mask)
      (net 120 SEGB))
    (pad 14 smd rect (at 4.7 1.905 270) (size 1.95 0.6) (layers F.Cu F.Paste F.Mask)
      (net 119 SEGG))
    (pad 15 smd rect (at 4.7 0.635 270) (size 1.95 0.6) (layers F.Cu F.Paste F.Mask)
      (net 56 "Net-(R12-Pad2)"))
    (pad 16 smd rect (at 4.7 -0.635 270) (size 1.95 0.6) (layers F.Cu F.Paste F.Mask)
      (net 3 +5V))
    (pad 17 smd rect (at 4.7 -1.905 270) (size 1.95 0.6) (layers F.Cu F.Paste F.Mask)
      (net 118 SEGC))
    (pad 18 smd rect (at 4.7 -3.175 270) (size 1.95 0.6) (layers F.Cu F.Paste F.Mask)
      (net 115 SEGE))
    (pad 19 smd rect (at 4.7 -4.445 270) (size 1.95 0.6) (layers F.Cu F.Paste F.Mask)
      (net 117 SEGDP))
    (pad 20 smd rect (at 4.7 -5.715 270) (size 1.95 0.6) (layers F.Cu F.Paste F.Mask)
      (net 116 SEGD))
    (model ${KISYS3DMOD}/Package_SO.3dshapes/SOIC-20W_7.5x12.8mm_P1.27mm.wrl
      (at (xyz 0 0 0))
      (scale (xyz 1 1 1))
      (rotate (xyz 0 0 0))
    )
  )

  (module Connector_Hirose:Hirose_DF13-03P-1.25DSA_1x03_P1.25mm_Vertical (layer F.Cu) (tedit 5B77E5EB) (tstamp 5D2ED67E)
    (at 155.956 134.874 180)
    (descr "Molex DF13 through hole, DF13-03P-1.25DSA, 3 Pins per row (https://www.hirose.com/product/en/products/DF13/DF13-2P-1.25DSA%2850%29/), generated with kicad-footprint-generator")
    (tags "connector Hirose  side entry")
    (path /5D2720BC/5D31FBAA)
    (fp_text reference J29 (at 1.25 -3.4 180) (layer F.SilkS)
      (effects (font (size 1 1) (thickness 0.15)))
    )
    (fp_text value Conn_01x03_Male (at 1.25 2.4 180) (layer F.Fab)
      (effects (font (size 1 1) (thickness 0.15)))
    )
    (fp_line (start -1.45 -2.2) (end -1.45 1.2) (layer F.Fab) (width 0.1))
    (fp_line (start -1.45 1.2) (end 3.95 1.2) (layer F.Fab) (width 0.1))
    (fp_line (start 3.95 1.2) (end 3.95 -2.2) (layer F.Fab) (width 0.1))
    (fp_line (start 3.95 -2.2) (end -1.45 -2.2) (layer F.Fab) (width 0.1))
    (fp_line (start -1.55 -2.3) (end -1.55 1.3) (layer F.SilkS) (width 0.12))
    (fp_line (start -1.55 1.3) (end 4.05 1.3) (layer F.SilkS) (width 0.12))
    (fp_line (start 4.05 1.3) (end 4.05 -2.3) (layer F.SilkS) (width 0.12))
    (fp_line (start 4.05 -2.3) (end -1.55 -2.3) (layer F.SilkS) (width 0.12))
    (fp_line (start -1.86 -0.3) (end -1.86 1.61) (layer F.SilkS) (width 0.12))
    (fp_line (start -1.86 1.61) (end 0.05 1.61) (layer F.SilkS) (width 0.12))
    (fp_line (start -0.5 1.2) (end 0 0.492893) (layer F.Fab) (width 0.1))
    (fp_line (start 0 0.492893) (end 0.5 1.2) (layer F.Fab) (width 0.1))
    (fp_line (start -1.55 0) (end -1.25 0) (layer F.SilkS) (width 0.12))
    (fp_line (start -1.25 0) (end -1.25 1) (layer F.SilkS) (width 0.12))
    (fp_line (start -1.25 1) (end 3.75 1) (layer F.SilkS) (width 0.12))
    (fp_line (start 3.75 1) (end 3.75 0) (layer F.SilkS) (width 0.12))
    (fp_line (start 3.75 0) (end 4.05 0) (layer F.SilkS) (width 0.12))
    (fp_line (start -1.55 -0.75) (end -1.25 -0.75) (layer F.SilkS) (width 0.12))
    (fp_line (start -1.25 -0.75) (end -1.25 -1.85) (layer F.SilkS) (width 0.12))
    (fp_line (start -1.25 -1.85) (end -0.95 -1.85) (layer F.SilkS) (width 0.12))
    (fp_line (start -0.95 -1.85) (end -0.95 -2.3) (layer F.SilkS) (width 0.12))
    (fp_line (start 4.05 -0.75) (end 3.75 -0.75) (layer F.SilkS) (width 0.12))
    (fp_line (start 3.75 -0.75) (end 3.75 -1.85) (layer F.SilkS) (width 0.12))
    (fp_line (start 3.75 -1.85) (end 3.45 -1.85) (layer F.SilkS) (width 0.12))
    (fp_line (start 3.45 -1.85) (end 3.45 -2.3) (layer F.SilkS) (width 0.12))
    (fp_line (start -0.95 -1.85) (end 0.25 -1.85) (layer F.SilkS) (width 0.12))
    (fp_line (start 0.25 -1.85) (end 0.25 -2.15) (layer F.SilkS) (width 0.12))
    (fp_line (start 0.25 -2.15) (end 1 -2.15) (layer F.SilkS) (width 0.12))
    (fp_line (start 1 -2.15) (end 1 -1.85) (layer F.SilkS) (width 0.12))
    (fp_line (start 1 -1.85) (end 1.5 -1.85) (layer F.SilkS) (width 0.12))
    (fp_line (start 1.5 -1.85) (end 1.5 -2.15) (layer F.SilkS) (width 0.12))
    (fp_line (start 1.5 -2.15) (end 2.25 -2.15) (layer F.SilkS) (width 0.12))
    (fp_line (start 2.25 -2.15) (end 2.25 -1.85) (layer F.SilkS) (width 0.12))
    (fp_line (start 2.25 -1.85) (end 3.45 -1.85) (layer F.SilkS) (width 0.12))
    (fp_line (start -1.95 -2.7) (end -1.95 1.7) (layer F.CrtYd) (width 0.05))
    (fp_line (start -1.95 1.7) (end 4.45 1.7) (layer F.CrtYd) (width 0.05))
    (fp_line (start 4.45 1.7) (end 4.45 -2.7) (layer F.CrtYd) (width 0.05))
    (fp_line (start 4.45 -2.7) (end -1.95 -2.7) (layer F.CrtYd) (width 0.05))
    (fp_text user %R (at 1.25 -1.5 180) (layer F.Fab)
      (effects (font (size 1 1) (thickness 0.15)))
    )
    (pad 1 thru_hole roundrect (at 0 0 180) (size 0.9 1.4) (drill 0.6) (layers *.Cu *.Mask) (roundrect_rratio 0.25)
      (net 146 /Connectors.sch/12V))
    (pad 2 thru_hole oval (at 1.25 0 180) (size 0.9 1.4) (drill 0.6) (layers *.Cu *.Mask)
      (net 147 /Connectors.sch/BAT-))
    (pad 3 thru_hole oval (at 2.5 0 180) (size 0.9 1.4) (drill 0.6) (layers *.Cu *.Mask)
      (net 145 /Connectors.sch/BAT+))
    (model ${KISYS3DMOD}/Connector_Hirose.3dshapes/Hirose_DF13-03P-1.25DSA_1x03_P1.25mm_Vertical.wrl
      (at (xyz 0 0 0))
      (scale (xyz 1 1 1))
      (rotate (xyz 0 0 0))
    )
  )

  (module Capacitor_SMD:C_0603_1608Metric (layer F.Cu) (tedit 5B301BBE) (tstamp 5D21A984)
    (at 157.734 81.788 180)
    (descr "Capacitor SMD 0603 (1608 Metric), square (rectangular) end terminal, IPC_7351 nominal, (Body size source: http://www.tortai-tech.com/upload/download/2011102023233369053.pdf), generated with kicad-footprint-generator")
    (tags capacitor)
    (path /5D2720A0/5D29AA66)
    (attr smd)
    (fp_text reference C21 (at 0 -1.43 180) (layer F.SilkS)
      (effects (font (size 1 1) (thickness 0.15)))
    )
    (fp_text value 4.7uF (at 0 1.43 180) (layer F.Fab)
      (effects (font (size 1 1) (thickness 0.15)))
    )
    (fp_line (start -0.8 0.4) (end -0.8 -0.4) (layer F.Fab) (width 0.1))
    (fp_line (start -0.8 -0.4) (end 0.8 -0.4) (layer F.Fab) (width 0.1))
    (fp_line (start 0.8 -0.4) (end 0.8 0.4) (layer F.Fab) (width 0.1))
    (fp_line (start 0.8 0.4) (end -0.8 0.4) (layer F.Fab) (width 0.1))
    (fp_line (start -0.162779 -0.51) (end 0.162779 -0.51) (layer F.SilkS) (width 0.12))
    (fp_line (start -0.162779 0.51) (end 0.162779 0.51) (layer F.SilkS) (width 0.12))
    (fp_line (start -1.48 0.73) (end -1.48 -0.73) (layer F.CrtYd) (width 0.05))
    (fp_line (start -1.48 -0.73) (end 1.48 -0.73) (layer F.CrtYd) (width 0.05))
    (fp_line (start 1.48 -0.73) (end 1.48 0.73) (layer F.CrtYd) (width 0.05))
    (fp_line (start 1.48 0.73) (end -1.48 0.73) (layer F.CrtYd) (width 0.05))
    (fp_text user %R (at 0 0 180) (layer F.Fab)
      (effects (font (size 0.4 0.4) (thickness 0.06)))
    )
    (pad 1 smd roundrect (at -0.7875 0 180) (size 0.875 0.95) (layers F.Cu F.Paste F.Mask) (roundrect_rratio 0.25)
      (net 7 "Net-(C21-Pad1)"))
    (pad 2 smd roundrect (at 0.7875 0 180) (size 0.875 0.95) (layers F.Cu F.Paste F.Mask) (roundrect_rratio 0.25)
      (net 8 "Net-(C21-Pad2)"))
    (model ${KISYS3DMOD}/Capacitor_SMD.3dshapes/C_0603_1608Metric.wrl
      (at (xyz 0 0 0))
      (scale (xyz 1 1 1))
      (rotate (xyz 0 0 0))
    )
  )

  (module Capacitor_SMD:C_0603_1608Metric (layer F.Cu) (tedit 5B301BBE) (tstamp 5D2161DF)
    (at 163.83 75.438 90)
    (descr "Capacitor SMD 0603 (1608 Metric), square (rectangular) end terminal, IPC_7351 nominal, (Body size source: http://www.tortai-tech.com/upload/download/2011102023233369053.pdf), generated with kicad-footprint-generator")
    (tags capacitor)
    (path /5D2720A0/5D27B466)
    (attr smd)
    (fp_text reference C22 (at 0 -1.43 90) (layer F.SilkS)
      (effects (font (size 1 1) (thickness 0.15)))
    )
    (fp_text value 10nF (at 0 1.43 90) (layer F.Fab)
      (effects (font (size 1 1) (thickness 0.15)))
    )
    (fp_text user %R (at 0 0 90) (layer F.Fab)
      (effects (font (size 0.4 0.4) (thickness 0.06)))
    )
    (fp_line (start 1.48 0.73) (end -1.48 0.73) (layer F.CrtYd) (width 0.05))
    (fp_line (start 1.48 -0.73) (end 1.48 0.73) (layer F.CrtYd) (width 0.05))
    (fp_line (start -1.48 -0.73) (end 1.48 -0.73) (layer F.CrtYd) (width 0.05))
    (fp_line (start -1.48 0.73) (end -1.48 -0.73) (layer F.CrtYd) (width 0.05))
    (fp_line (start -0.162779 0.51) (end 0.162779 0.51) (layer F.SilkS) (width 0.12))
    (fp_line (start -0.162779 -0.51) (end 0.162779 -0.51) (layer F.SilkS) (width 0.12))
    (fp_line (start 0.8 0.4) (end -0.8 0.4) (layer F.Fab) (width 0.1))
    (fp_line (start 0.8 -0.4) (end 0.8 0.4) (layer F.Fab) (width 0.1))
    (fp_line (start -0.8 -0.4) (end 0.8 -0.4) (layer F.Fab) (width 0.1))
    (fp_line (start -0.8 0.4) (end -0.8 -0.4) (layer F.Fab) (width 0.1))
    (pad 2 smd roundrect (at 0.7875 0 90) (size 0.875 0.95) (layers F.Cu F.Paste F.Mask) (roundrect_rratio 0.25)
      (net 10 "Net-(C22-Pad2)"))
    (pad 1 smd roundrect (at -0.7875 0 90) (size 0.875 0.95) (layers F.Cu F.Paste F.Mask) (roundrect_rratio 0.25)
      (net 9 "Net-(C22-Pad1)"))
    (model ${KISYS3DMOD}/Capacitor_SMD.3dshapes/C_0603_1608Metric.wrl
      (at (xyz 0 0 0))
      (scale (xyz 1 1 1))
      (rotate (xyz 0 0 0))
    )
  )

  (module Capacitor_SMD:C_0603_1608Metric (layer F.Cu) (tedit 5B301BBE) (tstamp 5D2161AC)
    (at 153.924 85.5725)
    (descr "Capacitor SMD 0603 (1608 Metric), square (rectangular) end terminal, IPC_7351 nominal, (Body size source: http://www.tortai-tech.com/upload/download/2011102023233369053.pdf), generated with kicad-footprint-generator")
    (tags capacitor)
    (path /5D2720A0/5D2A164C)
    (attr smd)
    (fp_text reference C19 (at 0 -1.43) (layer F.SilkS)
      (effects (font (size 1 1) (thickness 0.15)))
    )
    (fp_text value 100nF (at 0 1.43) (layer F.Fab)
      (effects (font (size 1 1) (thickness 0.15)))
    )
    (fp_text user %R (at 0 0) (layer F.Fab)
      (effects (font (size 0.4 0.4) (thickness 0.06)))
    )
    (fp_line (start 1.48 0.73) (end -1.48 0.73) (layer F.CrtYd) (width 0.05))
    (fp_line (start 1.48 -0.73) (end 1.48 0.73) (layer F.CrtYd) (width 0.05))
    (fp_line (start -1.48 -0.73) (end 1.48 -0.73) (layer F.CrtYd) (width 0.05))
    (fp_line (start -1.48 0.73) (end -1.48 -0.73) (layer F.CrtYd) (width 0.05))
    (fp_line (start -0.162779 0.51) (end 0.162779 0.51) (layer F.SilkS) (width 0.12))
    (fp_line (start -0.162779 -0.51) (end 0.162779 -0.51) (layer F.SilkS) (width 0.12))
    (fp_line (start 0.8 0.4) (end -0.8 0.4) (layer F.Fab) (width 0.1))
    (fp_line (start 0.8 -0.4) (end 0.8 0.4) (layer F.Fab) (width 0.1))
    (fp_line (start -0.8 -0.4) (end 0.8 -0.4) (layer F.Fab) (width 0.1))
    (fp_line (start -0.8 0.4) (end -0.8 -0.4) (layer F.Fab) (width 0.1))
    (pad 2 smd roundrect (at 0.7875 0) (size 0.875 0.95) (layers F.Cu F.Paste F.Mask) (roundrect_rratio 0.25)
      (net 2 +3V3))
    (pad 1 smd roundrect (at -0.7875 0) (size 0.875 0.95) (layers F.Cu F.Paste F.Mask) (roundrect_rratio 0.25)
      (net 1 GND))
    (model ${KISYS3DMOD}/Capacitor_SMD.3dshapes/C_0603_1608Metric.wrl
      (at (xyz 0 0 0))
      (scale (xyz 1 1 1))
      (rotate (xyz 0 0 0))
    )
  )

  (module Capacitor_SMD:C_0603_1608Metric (layer F.Cu) (tedit 5B301BBE) (tstamp 5D216102)
    (at 173.228 86.614 180)
    (descr "Capacitor SMD 0603 (1608 Metric), square (rectangular) end terminal, IPC_7351 nominal, (Body size source: http://www.tortai-tech.com/upload/download/2011102023233369053.pdf), generated with kicad-footprint-generator")
    (tags capacitor)
    (path /5D2720A0/5D2ABE96)
    (attr smd)
    (fp_text reference C9 (at 0 -1.43 180) (layer F.SilkS)
      (effects (font (size 1 1) (thickness 0.15)))
    )
    (fp_text value 100nF (at 0 1.43 180) (layer F.Fab)
      (effects (font (size 1 1) (thickness 0.15)))
    )
    (fp_line (start -0.8 0.4) (end -0.8 -0.4) (layer F.Fab) (width 0.1))
    (fp_line (start -0.8 -0.4) (end 0.8 -0.4) (layer F.Fab) (width 0.1))
    (fp_line (start 0.8 -0.4) (end 0.8 0.4) (layer F.Fab) (width 0.1))
    (fp_line (start 0.8 0.4) (end -0.8 0.4) (layer F.Fab) (width 0.1))
    (fp_line (start -0.162779 -0.51) (end 0.162779 -0.51) (layer F.SilkS) (width 0.12))
    (fp_line (start -0.162779 0.51) (end 0.162779 0.51) (layer F.SilkS) (width 0.12))
    (fp_line (start -1.48 0.73) (end -1.48 -0.73) (layer F.CrtYd) (width 0.05))
    (fp_line (start -1.48 -0.73) (end 1.48 -0.73) (layer F.CrtYd) (width 0.05))
    (fp_line (start 1.48 -0.73) (end 1.48 0.73) (layer F.CrtYd) (width 0.05))
    (fp_line (start 1.48 0.73) (end -1.48 0.73) (layer F.CrtYd) (width 0.05))
    (fp_text user %R (at 0 0 180) (layer F.Fab)
      (effects (font (size 0.4 0.4) (thickness 0.06)))
    )
    (pad 1 smd roundrect (at -0.7875 0 180) (size 0.875 0.95) (layers F.Cu F.Paste F.Mask) (roundrect_rratio 0.25)
      (net 1 GND))
    (pad 2 smd roundrect (at 0.7875 0 180) (size 0.875 0.95) (layers F.Cu F.Paste F.Mask) (roundrect_rratio 0.25)
      (net 2 +3V3))
    (model ${KISYS3DMOD}/Capacitor_SMD.3dshapes/C_0603_1608Metric.wrl
      (at (xyz 0 0 0))
      (scale (xyz 1 1 1))
      (rotate (xyz 0 0 0))
    )
  )

  (module Crystal:Crystal_SMD_2016-4Pin_2.0x1.6mm (layer F.Cu) (tedit 5A0FD1B2) (tstamp 5D2186AF)
    (at 156.422 77.024 270)
    (descr "SMD Crystal SERIES SMD2016/4 http://www.q-crystal.com/upload/5/2015552223166229.pdf, 2.0x1.6mm^2 package")
    (tags "SMD SMT crystal")
    (path /5D2720A0/5D27C3E7)
    (attr smd)
    (fp_text reference Y2 (at 0 -2 270) (layer F.SilkS)
      (effects (font (size 1 1) (thickness 0.15)))
    )
    (fp_text value NX3225SA-32MHz (at 0 2 270) (layer F.Fab)
      (effects (font (size 1 1) (thickness 0.15)))
    )
    (fp_text user %R (at 0 0 270) (layer F.Fab)
      (effects (font (size 0.5 0.5) (thickness 0.075)))
    )
    (fp_line (start -0.9 -0.8) (end 0.9 -0.8) (layer F.Fab) (width 0.1))
    (fp_line (start 0.9 -0.8) (end 1 -0.7) (layer F.Fab) (width 0.1))
    (fp_line (start 1 -0.7) (end 1 0.7) (layer F.Fab) (width 0.1))
    (fp_line (start 1 0.7) (end 0.9 0.8) (layer F.Fab) (width 0.1))
    (fp_line (start 0.9 0.8) (end -0.9 0.8) (layer F.Fab) (width 0.1))
    (fp_line (start -0.9 0.8) (end -1 0.7) (layer F.Fab) (width 0.1))
    (fp_line (start -1 0.7) (end -1 -0.7) (layer F.Fab) (width 0.1))
    (fp_line (start -1 -0.7) (end -0.9 -0.8) (layer F.Fab) (width 0.1))
    (fp_line (start -1 0.3) (end -0.5 0.8) (layer F.Fab) (width 0.1))
    (fp_line (start -1.35 -1.15) (end -1.35 1.15) (layer F.SilkS) (width 0.12))
    (fp_line (start -1.35 1.15) (end 1.35 1.15) (layer F.SilkS) (width 0.12))
    (fp_line (start -1.4 -1.3) (end -1.4 1.3) (layer F.CrtYd) (width 0.05))
    (fp_line (start -1.4 1.3) (end 1.4 1.3) (layer F.CrtYd) (width 0.05))
    (fp_line (start 1.4 1.3) (end 1.4 -1.3) (layer F.CrtYd) (width 0.05))
    (fp_line (start 1.4 -1.3) (end -1.4 -1.3) (layer F.CrtYd) (width 0.05))
    (pad 1 smd rect (at -0.7 0.55 270) (size 0.9 0.8) (layers F.Cu F.Paste F.Mask)
      (net 54 "Net-(C27-Pad1)"))
    (pad 2 smd rect (at 0.7 0.55 270) (size 0.9 0.8) (layers F.Cu F.Paste F.Mask)
      (net 55 "Net-(C28-Pad1)"))
    (pad 3 smd rect (at 0.7 -0.55 270) (size 0.9 0.8) (layers F.Cu F.Paste F.Mask)
      (net 1 GND))
    (pad 4 smd rect (at -0.7 -0.55 270) (size 0.9 0.8) (layers F.Cu F.Paste F.Mask)
      (net 1 GND))
    (model ${KISYS3DMOD}/Crystal.3dshapes/Crystal_SMD_2016-4Pin_2.0x1.6mm.wrl
      (at (xyz 0 0 0))
      (scale (xyz 1 1 1))
      (rotate (xyz 0 0 0))
    )
  )

  (module ody-box:STM32-Antenna (layer F.Cu) (tedit 5D20B264) (tstamp 5D216069)
    (at 165.354 57.0484)
    (path /5D2720A0/5D261A1A)
    (fp_text reference AE1 (at 0 -9.66) (layer F.SilkS)
      (effects (font (size 1 1) (thickness 0.15)))
    )
    (fp_text value Antenna (at 0 -10.66) (layer F.Fab)
      (effects (font (size 1 1) (thickness 0.15)))
    )
    (fp_line (start -3.5052 0.5588) (end 15.5194 0.5588) (layer Dwgs.User) (width 0.12))
    (fp_line (start 15.5194 0.5588) (end 15.5194 -10.3886) (layer Dwgs.User) (width 0.12))
    (fp_line (start 15.5194 -10.3886) (end -3.5052 -10.3886) (layer Dwgs.User) (width 0.12))
    (fp_line (start -3.5052 -10.3886) (end -3.5052 0.5588) (layer Dwgs.User) (width 0.12))
    (fp_poly (pts (xy -0.2032 0.9144) (xy -0.2032 -0.5334) (xy -2.286 -0.5334) (xy -2.286 -2.159)
      (xy 6.604 -2.159) (xy 6.604 -2.9718) (xy -2.286 -2.9718) (xy -2.286 -4.5974)
      (xy 6.604 -4.5974) (xy 6.604 -5.4102) (xy 0.4064 -5.4102) (xy 0.4064 -5.8166)
      (xy 7.0104 -5.8166) (xy 7.0104 -4.191) (xy -1.8796 -4.191) (xy -1.8796 -3.3782)
      (xy 7.0104 -3.3782) (xy 7.0104 -1.7526) (xy -1.8796 -1.7526) (xy -1.8796 -0.9398)
      (xy 0.2032 -0.9398) (xy 0.2032 0.9144)) (layer F.Cu) (width 0.05))
    (pad 1 smd rect (at 0 0.7366 90) (size 0.4 0.4) (layers F.Cu F.Paste F.Mask)
      (net 12 "Net-(AE1-Pad1)"))
  )

  (module Capacitor_SMD:C_0603_1608Metric (layer F.Cu) (tedit 5B301BBE) (tstamp 5D216113)
    (at 160.02 76.2255 180)
    (descr "Capacitor SMD 0603 (1608 Metric), square (rectangular) end terminal, IPC_7351 nominal, (Body size source: http://www.tortai-tech.com/upload/download/2011102023233369053.pdf), generated with kicad-footprint-generator")
    (tags capacitor)
    (path /5D2720A0/5D25A327)
    (attr smd)
    (fp_text reference C10 (at 0 -1.43 180) (layer F.SilkS)
      (effects (font (size 1 1) (thickness 0.15)))
    )
    (fp_text value 100nF (at 0 1.43 180) (layer F.Fab)
      (effects (font (size 1 1) (thickness 0.15)))
    )
    (fp_text user %R (at 0 0 180) (layer F.Fab)
      (effects (font (size 0.4 0.4) (thickness 0.06)))
    )
    (fp_line (start 1.48 0.73) (end -1.48 0.73) (layer F.CrtYd) (width 0.05))
    (fp_line (start 1.48 -0.73) (end 1.48 0.73) (layer F.CrtYd) (width 0.05))
    (fp_line (start -1.48 -0.73) (end 1.48 -0.73) (layer F.CrtYd) (width 0.05))
    (fp_line (start -1.48 0.73) (end -1.48 -0.73) (layer F.CrtYd) (width 0.05))
    (fp_line (start -0.162779 0.51) (end 0.162779 0.51) (layer F.SilkS) (width 0.12))
    (fp_line (start -0.162779 -0.51) (end 0.162779 -0.51) (layer F.SilkS) (width 0.12))
    (fp_line (start 0.8 0.4) (end -0.8 0.4) (layer F.Fab) (width 0.1))
    (fp_line (start 0.8 -0.4) (end 0.8 0.4) (layer F.Fab) (width 0.1))
    (fp_line (start -0.8 -0.4) (end 0.8 -0.4) (layer F.Fab) (width 0.1))
    (fp_line (start -0.8 0.4) (end -0.8 -0.4) (layer F.Fab) (width 0.1))
    (pad 2 smd roundrect (at 0.7875 0 180) (size 0.875 0.95) (layers F.Cu F.Paste F.Mask) (roundrect_rratio 0.25)
      (net 1 GND))
    (pad 1 smd roundrect (at -0.7875 0 180) (size 0.875 0.95) (layers F.Cu F.Paste F.Mask) (roundrect_rratio 0.25)
      (net 2 +3V3))
    (model ${KISYS3DMOD}/Capacitor_SMD.3dshapes/C_0603_1608Metric.wrl
      (at (xyz 0 0 0))
      (scale (xyz 1 1 1))
      (rotate (xyz 0 0 0))
    )
  )

  (module Capacitor_SMD:C_0603_1608Metric (layer F.Cu) (tedit 5B301BBE) (tstamp 5D216124)
    (at 160.02 77.724 180)
    (descr "Capacitor SMD 0603 (1608 Metric), square (rectangular) end terminal, IPC_7351 nominal, (Body size source: http://www.tortai-tech.com/upload/download/2011102023233369053.pdf), generated with kicad-footprint-generator")
    (tags capacitor)
    (path /5D2720A0/5D25A758)
    (attr smd)
    (fp_text reference C11 (at 0 -1.43 180) (layer F.SilkS)
      (effects (font (size 1 1) (thickness 0.15)))
    )
    (fp_text value 100pF (at 0 1.43 180) (layer F.Fab)
      (effects (font (size 1 1) (thickness 0.15)))
    )
    (fp_line (start -0.8 0.4) (end -0.8 -0.4) (layer F.Fab) (width 0.1))
    (fp_line (start -0.8 -0.4) (end 0.8 -0.4) (layer F.Fab) (width 0.1))
    (fp_line (start 0.8 -0.4) (end 0.8 0.4) (layer F.Fab) (width 0.1))
    (fp_line (start 0.8 0.4) (end -0.8 0.4) (layer F.Fab) (width 0.1))
    (fp_line (start -0.162779 -0.51) (end 0.162779 -0.51) (layer F.SilkS) (width 0.12))
    (fp_line (start -0.162779 0.51) (end 0.162779 0.51) (layer F.SilkS) (width 0.12))
    (fp_line (start -1.48 0.73) (end -1.48 -0.73) (layer F.CrtYd) (width 0.05))
    (fp_line (start -1.48 -0.73) (end 1.48 -0.73) (layer F.CrtYd) (width 0.05))
    (fp_line (start 1.48 -0.73) (end 1.48 0.73) (layer F.CrtYd) (width 0.05))
    (fp_line (start 1.48 0.73) (end -1.48 0.73) (layer F.CrtYd) (width 0.05))
    (fp_text user %R (at 0 0 180) (layer F.Fab)
      (effects (font (size 0.4 0.4) (thickness 0.06)))
    )
    (pad 1 smd roundrect (at -0.7875 0 180) (size 0.875 0.95) (layers F.Cu F.Paste F.Mask) (roundrect_rratio 0.25)
      (net 2 +3V3))
    (pad 2 smd roundrect (at 0.7875 0 180) (size 0.875 0.95) (layers F.Cu F.Paste F.Mask) (roundrect_rratio 0.25)
      (net 1 GND))
    (model ${KISYS3DMOD}/Capacitor_SMD.3dshapes/C_0603_1608Metric.wrl
      (at (xyz 0 0 0))
      (scale (xyz 1 1 1))
      (rotate (xyz 0 0 0))
    )
  )

  (module Capacitor_SMD:C_0603_1608Metric (layer F.Cu) (tedit 5B301BBE) (tstamp 5D216135)
    (at 168.7068 91.9225 90)
    (descr "Capacitor SMD 0603 (1608 Metric), square (rectangular) end terminal, IPC_7351 nominal, (Body size source: http://www.tortai-tech.com/upload/download/2011102023233369053.pdf), generated with kicad-footprint-generator")
    (tags capacitor)
    (path /5D2720A0/5D2ABA40)
    (attr smd)
    (fp_text reference C12 (at 0 -1.43 90) (layer F.SilkS)
      (effects (font (size 1 1) (thickness 0.15)))
    )
    (fp_text value 100nF (at 0 1.43 90) (layer F.Fab)
      (effects (font (size 1 1) (thickness 0.15)))
    )
    (fp_text user %R (at 0 0 90) (layer F.Fab)
      (effects (font (size 0.4 0.4) (thickness 0.06)))
    )
    (fp_line (start 1.48 0.73) (end -1.48 0.73) (layer F.CrtYd) (width 0.05))
    (fp_line (start 1.48 -0.73) (end 1.48 0.73) (layer F.CrtYd) (width 0.05))
    (fp_line (start -1.48 -0.73) (end 1.48 -0.73) (layer F.CrtYd) (width 0.05))
    (fp_line (start -1.48 0.73) (end -1.48 -0.73) (layer F.CrtYd) (width 0.05))
    (fp_line (start -0.162779 0.51) (end 0.162779 0.51) (layer F.SilkS) (width 0.12))
    (fp_line (start -0.162779 -0.51) (end 0.162779 -0.51) (layer F.SilkS) (width 0.12))
    (fp_line (start 0.8 0.4) (end -0.8 0.4) (layer F.Fab) (width 0.1))
    (fp_line (start 0.8 -0.4) (end 0.8 0.4) (layer F.Fab) (width 0.1))
    (fp_line (start -0.8 -0.4) (end 0.8 -0.4) (layer F.Fab) (width 0.1))
    (fp_line (start -0.8 0.4) (end -0.8 -0.4) (layer F.Fab) (width 0.1))
    (pad 2 smd roundrect (at 0.7875 0 90) (size 0.875 0.95) (layers F.Cu F.Paste F.Mask) (roundrect_rratio 0.25)
      (net 2 +3V3))
    (pad 1 smd roundrect (at -0.7875 0 90) (size 0.875 0.95) (layers F.Cu F.Paste F.Mask) (roundrect_rratio 0.25)
      (net 1 GND))
    (model ${KISYS3DMOD}/Capacitor_SMD.3dshapes/C_0603_1608Metric.wrl
      (at (xyz 0 0 0))
      (scale (xyz 1 1 1))
      (rotate (xyz 0 0 0))
    )
  )

  (module Capacitor_SMD:C_0603_1608Metric (layer F.Cu) (tedit 5B301BBE) (tstamp 5D216146)
    (at 163.83 91.948 90)
    (descr "Capacitor SMD 0603 (1608 Metric), square (rectangular) end terminal, IPC_7351 nominal, (Body size source: http://www.tortai-tech.com/upload/download/2011102023233369053.pdf), generated with kicad-footprint-generator")
    (tags capacitor)
    (path /5D2720A0/5D2B3093)
    (attr smd)
    (fp_text reference C13 (at 0 -1.43 90) (layer F.SilkS)
      (effects (font (size 1 1) (thickness 0.15)))
    )
    (fp_text value 100nF (at 0 1.43 90) (layer F.Fab)
      (effects (font (size 1 1) (thickness 0.15)))
    )
    (fp_text user %R (at 0 0 90) (layer F.Fab)
      (effects (font (size 0.4 0.4) (thickness 0.06)))
    )
    (fp_line (start 1.48 0.73) (end -1.48 0.73) (layer F.CrtYd) (width 0.05))
    (fp_line (start 1.48 -0.73) (end 1.48 0.73) (layer F.CrtYd) (width 0.05))
    (fp_line (start -1.48 -0.73) (end 1.48 -0.73) (layer F.CrtYd) (width 0.05))
    (fp_line (start -1.48 0.73) (end -1.48 -0.73) (layer F.CrtYd) (width 0.05))
    (fp_line (start -0.162779 0.51) (end 0.162779 0.51) (layer F.SilkS) (width 0.12))
    (fp_line (start -0.162779 -0.51) (end 0.162779 -0.51) (layer F.SilkS) (width 0.12))
    (fp_line (start 0.8 0.4) (end -0.8 0.4) (layer F.Fab) (width 0.1))
    (fp_line (start 0.8 -0.4) (end 0.8 0.4) (layer F.Fab) (width 0.1))
    (fp_line (start -0.8 -0.4) (end 0.8 -0.4) (layer F.Fab) (width 0.1))
    (fp_line (start -0.8 0.4) (end -0.8 -0.4) (layer F.Fab) (width 0.1))
    (pad 2 smd roundrect (at 0.7875 0 90) (size 0.875 0.95) (layers F.Cu F.Paste F.Mask) (roundrect_rratio 0.25)
      (net 2 +3V3))
    (pad 1 smd roundrect (at -0.7875 0 90) (size 0.875 0.95) (layers F.Cu F.Paste F.Mask) (roundrect_rratio 0.25)
      (net 1 GND))
    (model ${KISYS3DMOD}/Capacitor_SMD.3dshapes/C_0603_1608Metric.wrl
      (at (xyz 0 0 0))
      (scale (xyz 1 1 1))
      (rotate (xyz 0 0 0))
    )
  )

  (module Capacitor_SMD:C_0603_1608Metric (layer F.Cu) (tedit 5B301BBE) (tstamp 5D216157)
    (at 182.405001 85.028001)
    (descr "Capacitor SMD 0603 (1608 Metric), square (rectangular) end terminal, IPC_7351 nominal, (Body size source: http://www.tortai-tech.com/upload/download/2011102023233369053.pdf), generated with kicad-footprint-generator")
    (tags capacitor)
    (path /5D2720A0/5D36414A)
    (attr smd)
    (fp_text reference C14 (at 0 -1.43) (layer F.SilkS)
      (effects (font (size 1 1) (thickness 0.15)))
    )
    (fp_text value 10pF (at 0 1.43) (layer F.Fab)
      (effects (font (size 1 1) (thickness 0.15)))
    )
    (fp_line (start -0.8 0.4) (end -0.8 -0.4) (layer F.Fab) (width 0.1))
    (fp_line (start -0.8 -0.4) (end 0.8 -0.4) (layer F.Fab) (width 0.1))
    (fp_line (start 0.8 -0.4) (end 0.8 0.4) (layer F.Fab) (width 0.1))
    (fp_line (start 0.8 0.4) (end -0.8 0.4) (layer F.Fab) (width 0.1))
    (fp_line (start -0.162779 -0.51) (end 0.162779 -0.51) (layer F.SilkS) (width 0.12))
    (fp_line (start -0.162779 0.51) (end 0.162779 0.51) (layer F.SilkS) (width 0.12))
