(kicad_pcb (version 20171130) (host pcbnew "(5.1.0-0)")

  (general
    (thickness 1.6)
    (drawings 4)
    (tracks 1163)
    (zones 0)
    (modules 113)
    (nets 160)
  )

  (page A4)
  (layers
    (0 F.Cu signal)
    (31 B.Cu signal)
    (32 B.Adhes user)
    (33 F.Adhes user)
    (34 B.Paste user)
    (35 F.Paste user)
    (36 B.SilkS user)
    (37 F.SilkS user)
    (38 B.Mask user)
    (39 F.Mask user)
    (40 Dwgs.User user)
    (41 Cmts.User user)
    (42 Eco1.User user)
    (43 Eco2.User user)
    (44 Edge.Cuts user)
    (45 Margin user)
    (46 B.CrtYd user)
    (47 F.CrtYd user)
    (48 B.Fab user)
    (49 F.Fab user)
  )

  (setup
    (last_trace_width 0.25)
    (user_trace_width 0.15)
    (trace_clearance 0.2)
    (zone_clearance 0.508)
    (zone_45_only no)
    (trace_min 0.1)
    (via_size 0.8)
    (via_drill 0.4)
    (via_min_size 0.4)
    (via_min_drill 0.3)
    (uvia_size 0.3)
    (uvia_drill 0.1)
    (uvias_allowed no)
    (uvia_min_size 0.2)
    (uvia_min_drill 0.1)
    (edge_width 0.05)
    (segment_width 0.2)
    (pcb_text_width 0.3)
    (pcb_text_size 1.5 1.5)
    (mod_edge_width 0.12)
    (mod_text_size 1 1)
    (mod_text_width 0.15)
    (pad_size 1.524 1.524)
    (pad_drill 0.762)
    (pad_to_mask_clearance 0.051)
    (solder_mask_min_width 0.25)
    (aux_axis_origin 0 0)
    (visible_elements FFFFFF7F)
    (pcbplotparams
      (layerselection 0x010fc_ffffffff)
      (usegerberextensions false)
      (usegerberattributes false)
      (usegerberadvancedattributes false)
      (creategerberjobfile false)
      (excludeedgelayer true)
      (linewidth 0.100000)
      (plotframeref false)
      (viasonmask false)
      (mode 1)
      (useauxorigin false)
      (hpglpennumber 1)
      (hpglpenspeed 20)
      (hpglpendiameter 15.000000)
      (psnegative false)
      (psa4output false)
      (plotreference true)
      (plotvalue true)
      (plotinvisibletext false)
      (padsonsilk false)
      (subtractmaskfromsilk false)
      (outputformat 1)
      (mirror false)
      (drillshape 1)
      (scaleselection 1)
      (outputdirectory ""))
  )

  (net 0 "")
  (net 1 GND)
  (net 2 /BatteryCharger/12V)
  (net 3 /BatteryCharger/BAT+)
  (net 4 "Net-(C5-Pad1)")
  (net 5 "Net-(C6-Pad1)")
  (net 6 +3V3)
  (net 7 +5V)
  (net 8 "Net-(C14-Pad1)")
  (net 9 "Net-(C15-Pad1)")
  (net 10 "Net-(C20-Pad1)")
  (net 11 "Net-(C21-Pad1)")
  (net 12 "Net-(C21-Pad2)")
  (net 13 "Net-(C22-Pad1)")
  (net 14 "Net-(C22-Pad2)")
  (net 15 "Net-(C24-Pad2)")
  (net 16 "Net-(AE1-Pad1)")
  (net 17 "Net-(C26-Pad1)")
  (net 18 "Net-(D1-Pad1)")
  (net 19 "Net-(D2-Pad2)")
  (net 20 nSRST)
  (net 21 /BatteryCharger/BAT-)
  (net 22 "Net-(J1-Pad2)")
  (net 23 /STM32/PWM1_TM2)
  (net 24 /STM32/PWM1_TM1)
  (net 25 /STM32/PWM2_TM2)
  (net 26 /STM32/PWM2_TM1)
  (net 27 /STM32/PWM3_TM2)
  (net 28 /STM32/PWM3_TM1)
  (net 29 /STM32/PWM4_TM2)
  (net 30 nJTRST)
  (net 31 JTDI)
  (net 32 JTCK)
  (net 33 "Net-(J13-Pad11)")
  (net 34 JTDO)
  (net 35 "Net-(J13-Pad17)")
  (net 36 "Net-(J13-Pad19)")
  (net 37 "Net-(L1-Pad2)")
  (net 38 "Net-(L2-Pad2)")
  (net 39 "Net-(L4-Pad1)")
  (net 40 "Net-(FL1-Pad3)")
  (net 41 "Net-(R1-Pad1)")
  (net 42 "Net-(R2-Pad1)")
  (net 43 "Net-(R3-Pad2)")
  (net 44 "Net-(R4-Pad2)")
  (net 45 "Net-(R8-Pad2)")
  (net 46 "Net-(R11-Pad2)")
  (net 47 "Net-(SW1-Pad3)")
  (net 48 "Net-(SW2-Pad2)")
  (net 49 "Net-(TP18-Pad1)")
  (net 50 "Net-(TP19-Pad1)")
  (net 51 "Net-(U1-Pad5)")
  (net 52 "Net-(U1-Pad6)")
  (net 53 "Net-(U1-Pad11)")
  (net 54 /STM32/IN0)
  (net 55 /STM32/IN1)
  (net 56 /STM32/IN2)
  (net 57 /STM32/IN3)
  (net 58 /STM32/IN4)
  (net 59 "Net-(U4-Pad19)")
  (net 60 /STM32/GPIO0_2)
  (net 61 /STM32/GPIO1_2)
  (net 62 /STM32/TX1)
  (net 63 /STM32/RX1)
  (net 64 "Net-(U4-Pad40)")
  (net 65 "Net-(U4-Pad46)")
  (net 66 /STM32/GPIO2_2)
  (net 67 "Net-(U4-Pad53)")
  (net 68 /STM32/GPIO3_2)
  (net 69 "Net-(U4-Pad61)")
  (net 70 "Net-(U4-Pad62)")
  (net 71 "Net-(C27-Pad1)")
  (net 72 "Net-(C28-Pad1)")
  (net 73 "Net-(R12-Pad2)")
  (net 74 /STM32/SCK)
  (net 75 /STM32/MISO)
  (net 76 /STM32/MOSI)
  (net 77 /STM32/PWM4_TM1)
  (net 78 /Connectors.sch/SEGE_1)
  (net 79 /Connectors.sch/SEGD_1)
  (net 80 /Connectors.sch/SEGF_1)
  (net 81 /Connectors.sch/SEGC_1)
  (net 82 /Connectors.sch/SEGG_1)
  (net 83 /Connectors.sch/SEGB_1)
  (net 84 /Sensors/SEGDP_1)
  (net 85 /Connectors.sch/SEGA_1)
  (net 86 /Connectors.sch/DIG0_1)
  (net 87 /Connectors.sch/DIG1_1)
  (net 88 /Connectors.sch/DIG2_1)
  (net 89 /Connectors.sch/DIG3_1)
  (net 90 /Connectors.sch/SEGA_2)
  (net 91 /Sensors/SEGDP_2)
  (net 92 /Connectors.sch/SEGB_2)
  (net 93 /Connectors.sch/SEGG_2)
  (net 94 /Connectors.sch/SEGC_2)
  (net 95 /Connectors.sch/SEGF_2)
  (net 96 /Connectors.sch/SEGD_2)
  (net 97 /Connectors.sch/SEGE_2)
  (net 98 /Connectors.sch/DIG0_2)
  (net 99 /Connectors.sch/DIG1_2)
  (net 100 /Connectors.sch/DIG2_2)
  (net 101 /Connectors.sch/DIG3_2)
  (net 102 /Connectors.sch/SEGE_3)
  (net 103 /Connectors.sch/SEGD_3)
  (net 104 /Connectors.sch/SEGF_3)
  (net 105 /Connectors.sch/SEGC_3)
  (net 106 /Connectors.sch/SEGG_3)
  (net 107 /Connectors.sch/SEGB_3)
  (net 108 /Sensors/SEGDP_3)
  (net 109 /Connectors.sch/SEGA_3)
  (net 110 /Connectors.sch/DIG3_3)
  (net 111 /Connectors.sch/DIG2_3)
  (net 112 /Connectors.sch/DIG1_3)
  (net 113 /Connectors.sch/DIG0_3)
  (net 114 "Net-(R9-Pad2)")
  (net 115 "Net-(R10-Pad2)")
  (net 116 "Net-(R13-Pad2)")
  (net 117 /STM32/SCL1)
  (net 118 /STM32/SDA1)
  (net 119 "Net-(U5-Pad2)")
  (net 120 "Net-(U5-Pad1)")
  (net 121 "Net-(U8-Pad1)")
  (net 122 "Net-(U10-Pad2)")
  (net 123 "Net-(U10-Pad1)")
  (net 124 /Connectors.sch/SEGA_0)
  (net 125 /Sensors/SEGDP_0)
  (net 126 /Connectors.sch/SEGB_0)
  (net 127 /Connectors.sch/SEGG_0)
  (net 128 /Connectors.sch/SEGC_0)
  (net 129 /Connectors.sch/SEGF_0)
  (net 130 /Connectors.sch/SEGD_0)
  (net 131 /Connectors.sch/SEGE_0)
  (net 132 SEGE)
  (net 133 SEGD)
  (net 134 SEGDP)
  (net 135 SEGC)
  (net 136 SEGG)
  (net 137 SEGB)
  (net 138 SEGF)
  (net 139 SEGA)
  (net 140 DIG0)
  (net 141 DIG2)
  (net 142 DIG3)
  (net 143 DIG1)
  (net 144 /Connectors.sch/DIG3_0)
  (net 145 /Connectors.sch/DIG2_0)
  (net 146 /Connectors.sch/DIG1_0)
  (net 147 /Connectors.sch/DIG0_0)
  (net 148 JTMS)
  (net 149 /STM32/GPIO_EXT0)
  (net 150 /STM32/GPIO_EXT6)
  (net 151 /STM32/GPIO_EXT11)
  (net 152 /STM32/GPIO_EXT1)
  (net 153 /STM32/GPIO_EXT7)
  (net 154 /STM32/GPIO_EXT12)
  (net 155 /STM32/GPIO_EXT2)
  (net 156 /STM32/GPIO_EXT10)
  (net 157 /STM32/GPIO_EXT13)
  (net 158 /STM32/LPRX1)
  (net 159 /STM32/LPTX1)

  (net_class Default "This is the default net class."
    (clearance 0.2)
    (trace_width 0.25)
    (via_dia 0.8)
    (via_drill 0.4)
    (uvia_dia 0.3)
    (uvia_drill 0.1)
    (add_net +3V3)
    (add_net +5V)
    (add_net /BatteryCharger/12V)
    (add_net /BatteryCharger/BAT+)
    (add_net /BatteryCharger/BAT-)
    (add_net /Connectors.sch/DIG0_0)
    (add_net /Connectors.sch/DIG0_1)
    (add_net /Connectors.sch/DIG0_2)
    (add_net /Connectors.sch/DIG0_3)
    (add_net /Connectors.sch/DIG1_0)
    (add_net /Connectors.sch/DIG1_1)
    (add_net /Connectors.sch/DIG1_2)
    (add_net /Connectors.sch/DIG1_3)
    (add_net /Connectors.sch/DIG2_0)
    (add_net /Connectors.sch/DIG2_1)
    (add_net /Connectors.sch/DIG2_2)
    (add_net /Connectors.sch/DIG2_3)
    (add_net /Connectors.sch/DIG3_0)
    (add_net /Connectors.sch/DIG3_1)
    (add_net /Connectors.sch/DIG3_2)
    (add_net /Connectors.sch/DIG3_3)
    (add_net /Connectors.sch/SEGA_0)
    (add_net /Connectors.sch/SEGA_1)
    (add_net /Connectors.sch/SEGA_2)
    (add_net /Connectors.sch/SEGA_3)
    (add_net /Connectors.sch/SEGB_0)
    (add_net /Connectors.sch/SEGB_1)
    (add_net /Connectors.sch/SEGB_2)
    (add_net /Connectors.sch/SEGB_3)
    (add_net /Connectors.sch/SEGC_0)
    (add_net /Connectors.sch/SEGC_1)
    (add_net /Connectors.sch/SEGC_2)
    (add_net /Connectors.sch/SEGC_3)
    (add_net /Connectors.sch/SEGD_0)
    (add_net /Connectors.sch/SEGD_1)
    (add_net /Connectors.sch/SEGD_2)
    (add_net /Connectors.sch/SEGD_3)
    (add_net /Connectors.sch/SEGE_0)
    (add_net /Connectors.sch/SEGE_1)
    (add_net /Connectors.sch/SEGE_2)
    (add_net /Connectors.sch/SEGE_3)
    (add_net /Connectors.sch/SEGF_0)
    (add_net /Connectors.sch/SEGF_1)
    (add_net /Connectors.sch/SEGF_2)
    (add_net /Connectors.sch/SEGF_3)
    (add_net /Connectors.sch/SEGG_0)
    (add_net /Connectors.sch/SEGG_1)
    (add_net /Connectors.sch/SEGG_2)
    (add_net /Connectors.sch/SEGG_3)
    (add_net /STM32/GPIO0_2)
    (add_net /STM32/GPIO1_2)
    (add_net /STM32/GPIO2_2)
    (add_net /STM32/GPIO3_2)
    (add_net /STM32/GPIO_EXT0)
    (add_net /STM32/GPIO_EXT1)
    (add_net /STM32/GPIO_EXT10)
    (add_net /STM32/GPIO_EXT11)
    (add_net /STM32/GPIO_EXT12)
    (add_net /STM32/GPIO_EXT13)
    (add_net /STM32/GPIO_EXT2)
    (add_net /STM32/GPIO_EXT6)
    (add_net /STM32/GPIO_EXT7)
    (add_net /STM32/IN0)
    (add_net /STM32/IN1)
    (add_net /STM32/IN2)
    (add_net /STM32/IN3)
    (add_net /STM32/IN4)
    (add_net /STM32/LPRX1)
    (add_net /STM32/LPTX1)
    (add_net /STM32/MISO)
    (add_net /STM32/MOSI)
    (add_net /STM32/PWM1_TM1)
    (add_net /STM32/PWM1_TM2)
    (add_net /STM32/PWM2_TM1)
    (add_net /STM32/PWM2_TM2)
    (add_net /STM32/PWM3_TM1)
    (add_net /STM32/PWM3_TM2)
    (add_net /STM32/PWM4_TM1)
    (add_net /STM32/PWM4_TM2)
    (add_net /STM32/RX1)
    (add_net /STM32/SCK)
    (add_net /STM32/SCL1)
    (add_net /STM32/SDA1)
    (add_net /STM32/TX1)
    (add_net /Sensors/SEGDP_0)
    (add_net /Sensors/SEGDP_1)
    (add_net /Sensors/SEGDP_2)
    (add_net /Sensors/SEGDP_3)
    (add_net DIG0)
    (add_net DIG1)
    (add_net DIG2)
    (add_net DIG3)
    (add_net GND)
    (add_net JTCK)
    (add_net JTDI)
    (add_net JTDO)
    (add_net JTMS)
    (add_net "Net-(AE1-Pad1)")
    (add_net "Net-(C14-Pad1)")
    (add_net "Net-(C15-Pad1)")
    (add_net "Net-(C20-Pad1)")
    (add_net "Net-(C21-Pad1)")
    (add_net "Net-(C21-Pad2)")
    (add_net "Net-(C22-Pad1)")
    (add_net "Net-(C22-Pad2)")
    (add_net "Net-(C24-Pad2)")
    (add_net "Net-(C26-Pad1)")
    (add_net "Net-(C27-Pad1)")
    (add_net "Net-(C28-Pad1)")
    (add_net "Net-(C5-Pad1)")
    (add_net "Net-(C6-Pad1)")
    (add_net "Net-(D1-Pad1)")
    (add_net "Net-(D2-Pad2)")
    (add_net "Net-(FL1-Pad3)")
    (add_net "Net-(J1-Pad2)")
    (add_net "Net-(J13-Pad11)")
    (add_net "Net-(J13-Pad17)")
    (add_net "Net-(J13-Pad19)")
    (add_net "Net-(L1-Pad2)")
    (add_net "Net-(L2-Pad2)")
    (add_net "Net-(L4-Pad1)")
    (add_net "Net-(R1-Pad1)")
    (add_net "Net-(R10-Pad2)")
    (add_net "Net-(R11-Pad2)")
    (add_net "Net-(R12-Pad2)")
    (add_net "Net-(R13-Pad2)")
    (add_net "Net-(R2-Pad1)")
    (add_net "Net-(R3-Pad2)")
    (add_net "Net-(R4-Pad2)")
    (add_net "Net-(R8-Pad2)")
    (add_net "Net-(R9-Pad2)")
    (add_net "Net-(SW1-Pad3)")
    (add_net "Net-(SW2-Pad2)")
    (add_net "Net-(TP18-Pad1)")
    (add_net "Net-(TP19-Pad1)")
    (add_net "Net-(U1-Pad11)")
    (add_net "Net-(U1-Pad5)")
    (add_net "Net-(U1-Pad6)")
    (add_net "Net-(U10-Pad1)")
    (add_net "Net-(U10-Pad2)")
    (add_net "Net-(U4-Pad19)")
    (add_net "Net-(U4-Pad40)")
    (add_net "Net-(U4-Pad46)")
    (add_net "Net-(U4-Pad53)")
    (add_net "Net-(U4-Pad61)")
    (add_net "Net-(U4-Pad62)")
    (add_net "Net-(U5-Pad1)")
    (add_net "Net-(U5-Pad2)")
    (add_net "Net-(U8-Pad1)")
    (add_net SEGA)
    (add_net SEGB)
    (add_net SEGC)
    (add_net SEGD)
    (add_net SEGDP)
    (add_net SEGE)
    (add_net SEGF)
    (add_net SEGG)
    (add_net nJTRST)
    (add_net nSRST)
  )

  (module Capacitor_SMD:C_0603_1608Metric (layer F.Cu) (tedit 5B301BBE) (tstamp 5D21A984)
    (at 157.734 81.788 180)
    (descr "Capacitor SMD 0603 (1608 Metric), square (rectangular) end terminal, IPC_7351 nominal, (Body size source: http://www.tortai-tech.com/upload/download/2011102023233369053.pdf), generated with kicad-footprint-generator")
    (tags capacitor)
    (path /5D2720A0/5D29AA66)
    (attr smd)
    (fp_text reference C21 (at 0 -1.43 180) (layer F.SilkS)
      (effects (font (size 1 1) (thickness 0.15)))
    )
    (fp_text value 4.7uF (at 0 1.43 180) (layer F.Fab)
      (effects (font (size 1 1) (thickness 0.15)))
    )
    (fp_line (start -0.8 0.4) (end -0.8 -0.4) (layer F.Fab) (width 0.1))
    (fp_line (start -0.8 -0.4) (end 0.8 -0.4) (layer F.Fab) (width 0.1))
    (fp_line (start 0.8 -0.4) (end 0.8 0.4) (layer F.Fab) (width 0.1))
    (fp_line (start 0.8 0.4) (end -0.8 0.4) (layer F.Fab) (width 0.1))
    (fp_line (start -0.162779 -0.51) (end 0.162779 -0.51) (layer F.SilkS) (width 0.12))
    (fp_line (start -0.162779 0.51) (end 0.162779 0.51) (layer F.SilkS) (width 0.12))
    (fp_line (start -1.48 0.73) (end -1.48 -0.73) (layer F.CrtYd) (width 0.05))
    (fp_line (start -1.48 -0.73) (end 1.48 -0.73) (layer F.CrtYd) (width 0.05))
    (fp_line (start 1.48 -0.73) (end 1.48 0.73) (layer F.CrtYd) (width 0.05))
    (fp_line (start 1.48 0.73) (end -1.48 0.73) (layer F.CrtYd) (width 0.05))
    (fp_text user %R (at 0 0 180) (layer F.Fab)
      (effects (font (size 0.4 0.4) (thickness 0.06)))
    )
    (pad 1 smd roundrect (at -0.7875 0 180) (size 0.875 0.95) (layers F.Cu F.Paste F.Mask) (roundrect_rratio 0.25)
      (net 11 "Net-(C21-Pad1)"))
    (pad 2 smd roundrect (at 0.7875 0 180) (size 0.875 0.95) (layers F.Cu F.Paste F.Mask) (roundrect_rratio 0.25)
      (net 12 "Net-(C21-Pad2)"))
    (model ${KISYS3DMOD}/Capacitor_SMD.3dshapes/C_0603_1608Metric.wrl
      (at (xyz 0 0 0))
      (scale (xyz 1 1 1))
      (rotate (xyz 0 0 0))
    )
  )

  (module Connector_PinSocket_2.54mm:PinSocket_1x03_P2.54mm_Vertical (layer F.Cu) (tedit 5A19A429) (tstamp 5D2163AA)
    (at 147.574 66.548)
    (descr "Through hole straight socket strip, 1x03, 2.54mm pitch, single row (from Kicad 4.0.7), script generated")
    (tags "Through hole socket strip THT 1x03 2.54mm single row")
    (path /5D2720BC/5D410A71)
    (fp_text reference J12 (at 0 -2.77) (layer F.SilkS)
      (effects (font (size 1 1) (thickness 0.15)))
    )
    (fp_text value Conn_01x03_Female (at 0 7.85) (layer F.Fab)
      (effects (font (size 1 1) (thickness 0.15)))
    )
    (fp_text user %R (at 0 2.54 90) (layer F.Fab)
      (effects (font (size 1 1) (thickness 0.15)))
    )
    (fp_line (start -1.8 6.85) (end -1.8 -1.8) (layer F.CrtYd) (width 0.05))
    (fp_line (start 1.75 6.85) (end -1.8 6.85) (layer F.CrtYd) (width 0.05))
    (fp_line (start 1.75 -1.8) (end 1.75 6.85) (layer F.CrtYd) (width 0.05))
    (fp_line (start -1.8 -1.8) (end 1.75 -1.8) (layer F.CrtYd) (width 0.05))
    (fp_line (start 0 -1.33) (end 1.33 -1.33) (layer F.SilkS) (width 0.12))
    (fp_line (start 1.33 -1.33) (end 1.33 0) (layer F.SilkS) (width 0.12))
    (fp_line (start 1.33 1.27) (end 1.33 6.41) (layer F.SilkS) (width 0.12))
    (fp_line (start -1.33 6.41) (end 1.33 6.41) (layer F.SilkS) (width 0.12))
    (fp_line (start -1.33 1.27) (end -1.33 6.41) (layer F.SilkS) (width 0.12))
    (fp_line (start -1.33 1.27) (end 1.33 1.27) (layer F.SilkS) (width 0.12))
    (fp_line (start -1.27 6.35) (end -1.27 -1.27) (layer F.Fab) (width 0.1))
    (fp_line (start 1.27 6.35) (end -1.27 6.35) (layer F.Fab) (width 0.1))
    (fp_line (start 1.27 -0.635) (end 1.27 6.35) (layer F.Fab) (width 0.1))
    (fp_line (start 0.635 -1.27) (end 1.27 -0.635) (layer F.Fab) (width 0.1))
    (fp_line (start -1.27 -1.27) (end 0.635 -1.27) (layer F.Fab) (width 0.1))
    (pad 3 thru_hole oval (at 0 5.08) (size 1.7 1.7) (drill 1) (layers *.Cu *.Mask)
      (net 77 /STM32/PWM4_TM1))
    (pad 2 thru_hole oval (at 0 2.54) (size 1.7 1.7) (drill 1) (layers *.Cu *.Mask)
      (net 7 +5V))
    (pad 1 thru_hole rect (at 0 0) (size 1.7 1.7) (drill 1) (layers *.Cu *.Mask)
      (net 1 GND))
    (model ${KISYS3DMOD}/Connector_PinSocket_2.54mm.3dshapes/PinSocket_1x03_P2.54mm_Vertical.wrl
      (at (xyz 0 0 0))
      (scale (xyz 1 1 1))
      (rotate (xyz 0 0 0))
    )
  )

  (module Connector_Pin:Pin_D0.7mm_L6.5mm_W1.8mm_FlatFork (layer F.Cu) (tedit 5A1DC084) (tstamp 5D21CA77)
    (at 187.706 118.618)
    (descr "solder Pin_ with flat fork, hole diameter 0.7mm, length 6.5mm, width 1.8mm")
    (tags "solder Pin_ with flat fork")
    (path /5D2720BC/5D2D68BC)
    (fp_text reference TP11 (at 0 1.8) (layer F.SilkS)
      (effects (font (size 1 1) (thickness 0.15)))
    )
    (fp_text value TestPoint (at 0 -1.8) (layer F.Fab)
      (effects (font (size 1 1) (thickness 0.15)))
    )
    (fp_line (start 1.35 1.2) (end -1.4 1.2) (layer F.CrtYd) (width 0.05))
    (fp_line (start 1.35 1.2) (end 1.35 -1.2) (layer F.CrtYd) (width 0.05))
    (fp_line (start -1.4 -1.2) (end -1.4 1.2) (layer F.CrtYd) (width 0.05))
    (fp_line (start -1.4 -1.2) (end 1.35 -1.2) (layer F.CrtYd) (width 0.05))
    (fp_line (start -0.9 0.25) (end -0.9 -0.25) (layer F.Fab) (width 0.12))
    (fp_line (start 0.85 0.25) (end -0.9 0.25) (layer F.Fab) (width 0.12))
    (fp_line (start 0.85 -0.25) (end 0.85 0.25) (layer F.Fab) (width 0.12))
    (fp_line (start -0.9 -0.25) (end 0.85 -0.25) (layer F.Fab) (width 0.12))
    (fp_line (start 0.9 -0.95) (end -0.95 -0.95) (layer F.SilkS) (width 0.12))
    (fp_line (start 0.9 -0.9) (end 0.9 -0.95) (layer F.SilkS) (width 0.12))
    (fp_line (start 0.9 0.95) (end 0.9 -0.9) (layer F.SilkS) (width 0.12))
    (fp_line (start -0.95 0.95) (end 0.9 0.95) (layer F.SilkS) (width 0.12))
    (fp_line (start -0.95 -0.95) (end -0.95 0.95) (layer F.SilkS) (width 0.12))
    (fp_text user %R (at 0 1.8) (layer F.Fab)
      (effects (font (size 1 1) (thickness 0.15)))
    )
    (pad 1 thru_hole circle (at 0 0) (size 1.4 1.4) (drill 0.7) (layers *.Cu *.Mask)
      (net 1 GND))
    (model ${KISYS3DMOD}/Connector_Pin.3dshapes/Pin_D0.7mm_L6.5mm_W1.8mm_FlatFork.wrl
      (at (xyz 0 0 0))
      (scale (xyz 1 1 1))
      (rotate (xyz 0 0 0))
    )
  )

  (module Capacitor_SMD:C_0603_1608Metric (layer F.Cu) (tedit 5B301BBE) (tstamp 5D2161DF)
    (at 163.83 75.438 90)
    (descr "Capacitor SMD 0603 (1608 Metric), square (rectangular) end terminal, IPC_7351 nominal, (Body size source: http://www.tortai-tech.com/upload/download/2011102023233369053.pdf), generated with kicad-footprint-generator")
    (tags capacitor)
    (path /5D2720A0/5D27B466)
    (attr smd)
    (fp_text reference C22 (at 0 -1.43 90) (layer F.SilkS)
      (effects (font (size 1 1) (thickness 0.15)))
    )
    (fp_text value 10nF (at 0 1.43 90) (layer F.Fab)
      (effects (font (size 1 1) (thickness 0.15)))
    )
    (fp_text user %R (at 0 0 90) (layer F.Fab)
      (effects (font (size 0.4 0.4) (thickness 0.06)))
    )
    (fp_line (start 1.48 0.73) (end -1.48 0.73) (layer F.CrtYd) (width 0.05))
    (fp_line (start 1.48 -0.73) (end 1.48 0.73) (layer F.CrtYd) (width 0.05))
    (fp_line (start -1.48 -0.73) (end 1.48 -0.73) (layer F.CrtYd) (width 0.05))
    (fp_line (start -1.48 0.73) (end -1.48 -0.73) (layer F.CrtYd) (width 0.05))
    (fp_line (start -0.162779 0.51) (end 0.162779 0.51) (layer F.SilkS) (width 0.12))
    (fp_line (start -0.162779 -0.51) (end 0.162779 -0.51) (layer F.SilkS) (width 0.12))
    (fp_line (start 0.8 0.4) (end -0.8 0.4) (layer F.Fab) (width 0.1))
    (fp_line (start 0.8 -0.4) (end 0.8 0.4) (layer F.Fab) (width 0.1))
    (fp_line (start -0.8 -0.4) (end 0.8 -0.4) (layer F.Fab) (width 0.1))
    (fp_line (start -0.8 0.4) (end -0.8 -0.4) (layer F.Fab) (width 0.1))
    (pad 2 smd roundrect (at 0.7875 0 90) (size 0.875 0.95) (layers F.Cu F.Paste F.Mask) (roundrect_rratio 0.25)
      (net 14 "Net-(C22-Pad2)"))
    (pad 1 smd roundrect (at -0.7875 0 90) (size 0.875 0.95) (layers F.Cu F.Paste F.Mask) (roundrect_rratio 0.25)
      (net 13 "Net-(C22-Pad1)"))
    (model ${KISYS3DMOD}/Capacitor_SMD.3dshapes/C_0603_1608Metric.wrl
      (at (xyz 0 0 0))
      (scale (xyz 1 1 1))
      (rotate (xyz 0 0 0))
    )
  )

  (module Capacitor_SMD:C_0603_1608Metric (layer F.Cu) (tedit 5B301BBE) (tstamp 5D2161AC)
    (at 153.924 85.5725)
    (descr "Capacitor SMD 0603 (1608 Metric), square (rectangular) end terminal, IPC_7351 nominal, (Body size source: http://www.tortai-tech.com/upload/download/2011102023233369053.pdf), generated with kicad-footprint-generator")
    (tags capacitor)
    (path /5D2720A0/5D2A164C)
    (attr smd)
    (fp_text reference C19 (at 0 -1.43) (layer F.SilkS)
      (effects (font (size 1 1) (thickness 0.15)))
    )
    (fp_text value 100nF (at 0 1.43) (layer F.Fab)
      (effects (font (size 1 1) (thickness 0.15)))
    )
    (fp_text user %R (at 0 0) (layer F.Fab)
      (effects (font (size 0.4 0.4) (thickness 0.06)))
    )
    (fp_line (start 1.48 0.73) (end -1.48 0.73) (layer F.CrtYd) (width 0.05))
    (fp_line (start 1.48 -0.73) (end 1.48 0.73) (layer F.CrtYd) (width 0.05))
    (fp_line (start -1.48 -0.73) (end 1.48 -0.73) (layer F.CrtYd) (width 0.05))
    (fp_line (start -1.48 0.73) (end -1.48 -0.73) (layer F.CrtYd) (width 0.05))
    (fp_line (start -0.162779 0.51) (end 0.162779 0.51) (layer F.SilkS) (width 0.12))
    (fp_line (start -0.162779 -0.51) (end 0.162779 -0.51) (layer F.SilkS) (width 0.12))
    (fp_line (start 0.8 0.4) (end -0.8 0.4) (layer F.Fab) (width 0.1))
    (fp_line (start 0.8 -0.4) (end 0.8 0.4) (layer F.Fab) (width 0.1))
    (fp_line (start -0.8 -0.4) (end 0.8 -0.4) (layer F.Fab) (width 0.1))
    (fp_line (start -0.8 0.4) (end -0.8 -0.4) (layer F.Fab) (width 0.1))
    (pad 2 smd roundrect (at 0.7875 0) (size 0.875 0.95) (layers F.Cu F.Paste F.Mask) (roundrect_rratio 0.25)
      (net 6 +3V3))
    (pad 1 smd roundrect (at -0.7875 0) (size 0.875 0.95) (layers F.Cu F.Paste F.Mask) (roundrect_rratio 0.25)
      (net 1 GND))
    (model ${KISYS3DMOD}/Capacitor_SMD.3dshapes/C_0603_1608Metric.wrl
      (at (xyz 0 0 0))
      (scale (xyz 1 1 1))
      (rotate (xyz 0 0 0))
    )
  )

  (module Capacitor_SMD:C_0603_1608Metric (layer F.Cu) (tedit 5B301BBE) (tstamp 5D216102)
    (at 173.228 86.614 180)
    (descr "Capacitor SMD 0603 (1608 Metric), square (rectangular) end terminal, IPC_7351 nominal, (Body size source: http://www.tortai-tech.com/upload/download/2011102023233369053.pdf), generated with kicad-footprint-generator")
    (tags capacitor)
    (path /5D2720A0/5D2ABE96)
    (attr smd)
    (fp_text reference C9 (at 0 -1.43 180) (layer F.SilkS)
      (effects (font (size 1 1) (thickness 0.15)))
    )
    (fp_text value 100nF (at 0 1.43 180) (layer F.Fab)
      (effects (font (size 1 1) (thickness 0.15)))
    )
    (fp_line (start -0.8 0.4) (end -0.8 -0.4) (layer F.Fab) (width 0.1))
    (fp_line (start -0.8 -0.4) (end 0.8 -0.4) (layer F.Fab) (width 0.1))
    (fp_line (start 0.8 -0.4) (end 0.8 0.4) (layer F.Fab) (width 0.1))
    (fp_line (start 0.8 0.4) (end -0.8 0.4) (layer F.Fab) (width 0.1))
    (fp_line (start -0.162779 -0.51) (end 0.162779 -0.51) (layer F.SilkS) (width 0.12))
    (fp_line (start -0.162779 0.51) (end 0.162779 0.51) (layer F.SilkS) (width 0.12))
    (fp_line (start -1.48 0.73) (end -1.48 -0.73) (layer F.CrtYd) (width 0.05))
    (fp_line (start -1.48 -0.73) (end 1.48 -0.73) (layer F.CrtYd) (width 0.05))
    (fp_line (start 1.48 -0.73) (end 1.48 0.73) (layer F.CrtYd) (width 0.05))
    (fp_line (start 1.48 0.73) (end -1.48 0.73) (layer F.CrtYd) (width 0.05))
    (fp_text user %R (at 0 0 180) (layer F.Fab)
      (effects (font (size 0.4 0.4) (thickness 0.06)))
    )
    (pad 1 smd roundrect (at -0.7875 0 180) (size 0.875 0.95) (layers F.Cu F.Paste F.Mask) (roundrect_rratio 0.25)
      (net 1 GND))
    (pad 2 smd roundrect (at 0.7875 0 180) (size 0.875 0.95) (layers F.Cu F.Paste F.Mask) (roundrect_rratio 0.25)
      (net 6 +3V3))
    (model ${KISYS3DMOD}/Capacitor_SMD.3dshapes/C_0603_1608Metric.wrl
      (at (xyz 0 0 0))
      (scale (xyz 1 1 1))
      (rotate (xyz 0 0 0))
    )
  )

  (module Crystal:Crystal_SMD_2016-4Pin_2.0x1.6mm (layer F.Cu) (tedit 5A0FD1B2) (tstamp 5D2186AF)
    (at 156.422 77.024 270)
    (descr "SMD Crystal SERIES SMD2016/4 http://www.q-crystal.com/upload/5/2015552223166229.pdf, 2.0x1.6mm^2 package")
    (tags "SMD SMT crystal")
    (path /5D2720A0/5D27C3E7)
    (attr smd)
    (fp_text reference Y2 (at 0 -2 270) (layer F.SilkS)
      (effects (font (size 1 1) (thickness 0.15)))
    )
    (fp_text value Crystal_GND34 (at 0 2 270) (layer F.Fab)
      (effects (font (size 1 1) (thickness 0.15)))
    )
    (fp_text user %R (at 0 0 270) (layer F.Fab)
      (effects (font (size 0.5 0.5) (thickness 0.075)))
    )
    (fp_line (start -0.9 -0.8) (end 0.9 -0.8) (layer F.Fab) (width 0.1))
    (fp_line (start 0.9 -0.8) (end 1 -0.7) (layer F.Fab) (width 0.1))
    (fp_line (start 1 -0.7) (end 1 0.7) (layer F.Fab) (width 0.1))
    (fp_line (start 1 0.7) (end 0.9 0.8) (layer F.Fab) (width 0.1))
    (fp_line (start 0.9 0.8) (end -0.9 0.8) (layer F.Fab) (width 0.1))
    (fp_line (start -0.9 0.8) (end -1 0.7) (layer F.Fab) (width 0.1))
    (fp_line (start -1 0.7) (end -1 -0.7) (layer F.Fab) (width 0.1))
    (fp_line (start -1 -0.7) (end -0.9 -0.8) (layer F.Fab) (width 0.1))
    (fp_line (start -1 0.3) (end -0.5 0.8) (layer F.Fab) (width 0.1))
    (fp_line (start -1.35 -1.15) (end -1.35 1.15) (layer F.SilkS) (width 0.12))
    (fp_line (start -1.35 1.15) (end 1.35 1.15) (layer F.SilkS) (width 0.12))
    (fp_line (start -1.4 -1.3) (end -1.4 1.3) (layer F.CrtYd) (width 0.05))
    (fp_line (start -1.4 1.3) (end 1.4 1.3) (layer F.CrtYd) (width 0.05))
    (fp_line (start 1.4 1.3) (end 1.4 -1.3) (layer F.CrtYd) (width 0.05))
    (fp_line (start 1.4 -1.3) (end -1.4 -1.3) (layer F.CrtYd) (width 0.05))
    (pad 1 smd rect (at -0.7 0.55 270) (size 0.9 0.8) (layers F.Cu F.Paste F.Mask)
      (net 71 "Net-(C27-Pad1)"))
    (pad 2 smd rect (at 0.7 0.55 270) (size 0.9 0.8) (layers F.Cu F.Paste F.Mask)
      (net 72 "Net-(C28-Pad1)"))
    (pad 3 smd rect (at 0.7 -0.55 270) (size 0.9 0.8) (layers F.Cu F.Paste F.Mask)
      (net 1 GND))
    (pad 4 smd rect (at -0.7 -0.55 270) (size 0.9 0.8) (layers F.Cu F.Paste F.Mask)
      (net 1 GND))
    (model ${KISYS3DMOD}/Crystal.3dshapes/Crystal_SMD_2016-4Pin_2.0x1.6mm.wrl
      (at (xyz 0 0 0))
      (scale (xyz 1 1 1))
      (rotate (xyz 0 0 0))
    )
  )

  (module ody-box:STM32-Antenna (layer F.Cu) (tedit 5D20B264) (tstamp 5D216069)
    (at 165.354 57.0484)
    (path /5D2720A0/5D261A1A)
    (fp_text reference AE1 (at 0 -9.66) (layer F.SilkS)
      (effects (font (size 1 1) (thickness 0.15)))
    )
    (fp_text value Antenna (at 0 -10.66) (layer F.Fab)
      (effects (font (size 1 1) (thickness 0.15)))
    )
    (fp_line (start -3.5052 0.5588) (end 15.5194 0.5588) (layer Dwgs.User) (width 0.12))
    (fp_line (start 15.5194 0.5588) (end 15.5194 -10.3886) (layer Dwgs.User) (width 0.12))
    (fp_line (start 15.5194 -10.3886) (end -3.5052 -10.3886) (layer Dwgs.User) (width 0.12))
    (fp_line (start -3.5052 -10.3886) (end -3.5052 0.5588) (layer Dwgs.User) (width 0.12))
    (fp_poly (pts (xy -0.2032 0.9144) (xy -0.2032 -0.5334) (xy -2.286 -0.5334) (xy -2.286 -2.159)
      (xy 6.604 -2.159) (xy 6.604 -2.9718) (xy -2.286 -2.9718) (xy -2.286 -4.5974)
      (xy 6.604 -4.5974) (xy 6.604 -5.4102) (xy 0.4064 -5.4102) (xy 0.4064 -5.8166)
      (xy 7.0104 -5.8166) (xy 7.0104 -4.191) (xy -1.8796 -4.191) (xy -1.8796 -3.3782)
      (xy 7.0104 -3.3782) (xy 7.0104 -1.7526) (xy -1.8796 -1.7526) (xy -1.8796 -0.9398)
      (xy 0.2032 -0.9398) (xy 0.2032 0.9144)) (layer F.Cu) (width 0.05))
    (pad 1 smd rect (at 0 0.7366 90) (size 0.4 0.4) (layers F.Cu F.Paste F.Mask)
      (net 16 "Net-(AE1-Pad1)"))
  )

  (module Capacitor_SMD:C_0603_1608Metric (layer F.Cu) (tedit 5B301BBE) (tstamp 5D21607A)
    (at 159.512 133.858 270)
    (descr "Capacitor SMD 0603 (1608 Metric), square (rectangular) end terminal, IPC_7351 nominal, (Body size source: http://www.tortai-tech.com/upload/download/2011102023233369053.pdf), generated with kicad-footprint-generator")
    (tags capacitor)
    (path /5D272085/5D347041)
    (attr smd)
    (fp_text reference C1 (at 0 -1.43 270) (layer F.SilkS)
      (effects (font (size 1 1) (thickness 0.15)))
    )
    (fp_text value 1uF (at 0 1.43 270) (layer F.Fab)
      (effects (font (size 1 1) (thickness 0.15)))
    )
    (fp_line (start -0.8 0.4) (end -0.8 -0.4) (layer F.Fab) (width 0.1))
    (fp_line (start -0.8 -0.4) (end 0.8 -0.4) (layer F.Fab) (width 0.1))
    (fp_line (start 0.8 -0.4) (end 0.8 0.4) (layer F.Fab) (width 0.1))
    (fp_line (start 0.8 0.4) (end -0.8 0.4) (layer F.Fab) (width 0.1))
    (fp_line (start -0.162779 -0.51) (end 0.162779 -0.51) (layer F.SilkS) (width 0.12))
    (fp_line (start -0.162779 0.51) (end 0.162779 0.51) (layer F.SilkS) (width 0.12))
    (fp_line (start -1.48 0.73) (end -1.48 -0.73) (layer F.CrtYd) (width 0.05))
    (fp_line (start -1.48 -0.73) (end 1.48 -0.73) (layer F.CrtYd) (width 0.05))
    (fp_line (start 1.48 -0.73) (end 1.48 0.73) (layer F.CrtYd) (width 0.05))
    (fp_line (start 1.48 0.73) (end -1.48 0.73) (layer F.CrtYd) (width 0.05))
    (fp_text user %R (at 0 0 270) (layer F.Fab)
      (effects (font (size 0.4 0.4) (thickness 0.06)))
    )
    (pad 1 smd roundrect (at -0.7875 0 270) (size 0.875 0.95) (layers F.Cu F.Paste F.Mask) (roundrect_rratio 0.25)
      (net 2 /BatteryCharger/12V))
    (pad 2 smd roundrect (at 0.7875 0 270) (size 0.875 0.95) (layers F.Cu F.Paste F.Mask) (roundrect_rratio 0.25)
      (net 1 GND))
    (model ${KISYS3DMOD}/Capacitor_SMD.3dshapes/C_0603_1608Metric.wrl
      (at (xyz 0 0 0))
      (scale (xyz 1 1 1))
      (rotate (xyz 0 0 0))
    )
  )

  (module Capacitor_SMD:C_0603_1608Metric (layer F.Cu) (tedit 5B301BBE) (tstamp 5D21608B)
    (at 159.512 130.556 270)
    (descr "Capacitor SMD 0603 (1608 Metric), square (rectangular) end terminal, IPC_7351 nominal, (Body size source: http://www.tortai-tech.com/upload/download/2011102023233369053.pdf), generated with kicad-footprint-generator")
    (tags capacitor)
    (path /5D272085/5D347030)
    (attr smd)
    (fp_text reference C2 (at 0 -1.43 270) (layer F.SilkS)
      (effects (font (size 1 1) (thickness 0.15)))
    )
    (fp_text value 1uF (at 0 1.43 270) (layer F.Fab)
      (effects (font (size 1 1) (thickness 0.15)))
    )
    (fp_text user %R (at 0 0 270) (layer F.Fab)
      (effects (font (size 0.4 0.4) (thickness 0.06)))
    )
    (fp_line (start 1.48 0.73) (end -1.48 0.73) (layer F.CrtYd) (width 0.05))
    (fp_line (start 1.48 -0.73) (end 1.48 0.73) (layer F.CrtYd) (width 0.05))
    (fp_line (start -1.48 -0.73) (end 1.48 -0.73) (layer F.CrtYd) (width 0.05))
    (fp_line (start -1.48 0.73) (end -1.48 -0.73) (layer F.CrtYd) (width 0.05))
    (fp_line (start -0.162779 0.51) (end 0.162779 0.51) (layer F.SilkS) (width 0.12))
    (fp_line (start -0.162779 -0.51) (end 0.162779 -0.51) (layer F.SilkS) (width 0.12))
    (fp_line (start 0.8 0.4) (end -0.8 0.4) (layer F.Fab) (width 0.1))
    (fp_line (start 0.8 -0.4) (end 0.8 0.4) (layer F.Fab) (width 0.1))
    (fp_line (start -0.8 -0.4) (end 0.8 -0.4) (layer F.Fab) (width 0.1))
    (fp_line (start -0.8 0.4) (end -0.8 -0.4) (layer F.Fab) (width 0.1))
    (pad 2 smd roundrect (at 0.7875 0 270) (size 0.875 0.95) (layers F.Cu F.Paste F.Mask) (roundrect_rratio 0.25)
      (net 1 GND))
    (pad 1 smd roundrect (at -0.7875 0 270) (size 0.875 0.95) (layers F.Cu F.Paste F.Mask) (roundrect_rratio 0.25)
      (net 3 /BatteryCharger/BAT+))
    (model ${KISYS3DMOD}/Capacitor_SMD.3dshapes/C_0603_1608Metric.wrl
      (at (xyz 0 0 0))
      (scale (xyz 1 1 1))
      (rotate (xyz 0 0 0))
    )
  )

  (module Capacitor_SMD:C_0603_1608Metric (layer F.Cu) (tedit 5B301BBE) (tstamp 5D21609C)
    (at 183.4135 118.618)
    (descr "Capacitor SMD 0603 (1608 Metric), square (rectangular) end terminal, IPC_7351 nominal, (Body size source: http://www.tortai-tech.com/upload/download/2011102023233369053.pdf), generated with kicad-footprint-generator")
    (tags capacitor)
    (path /5D2720BC/5D2C1405)
    (attr smd)
    (fp_text reference C3 (at 0 -1.43) (layer F.SilkS)
      (effects (font (size 1 1) (thickness 0.15)))
    )
    (fp_text value 10uF (at 0 1.43) (layer F.Fab)
      (effects (font (size 1 1) (thickness 0.15)))
    )
    (fp_text user %R (at 0 0) (layer F.Fab)
      (effects (font (size 0.4 0.4) (thickness 0.06)))
    )
    (fp_line (start 1.48 0.73) (end -1.48 0.73) (layer F.CrtYd) (width 0.05))
    (fp_line (start 1.48 -0.73) (end 1.48 0.73) (layer F.CrtYd) (width 0.05))
    (fp_line (start -1.48 -0.73) (end 1.48 -0.73) (layer F.CrtYd) (width 0.05))
    (fp_line (start -1.48 0.73) (end -1.48 -0.73) (layer F.CrtYd) (width 0.05))
    (fp_line (start -0.162779 0.51) (end 0.162779 0.51) (layer F.SilkS) (width 0.12))
    (fp_line (start -0.162779 -0.51) (end 0.162779 -0.51) (layer F.SilkS) (width 0.12))
    (fp_line (start 0.8 0.4) (end -0.8 0.4) (layer F.Fab) (width 0.1))
    (fp_line (start 0.8 -0.4) (end 0.8 0.4) (layer F.Fab) (width 0.1))
    (fp_line (start -0.8 -0.4) (end 0.8 -0.4) (layer F.Fab) (width 0.1))
    (fp_line (start -0.8 0.4) (end -0.8 -0.4) (layer F.Fab) (width 0.1))
    (pad 2 smd roundrect (at 0.7875 0) (size 0.875 0.95) (layers F.Cu F.Paste F.Mask) (roundrect_rratio 0.25)
      (net 3 /BatteryCharger/BAT+))
    (pad 1 smd roundrect (at -0.7875 0) (size 0.875 0.95) (layers F.Cu F.Paste F.Mask) (roundrect_rratio 0.25)
      (net 1 GND))
    (model ${KISYS3DMOD}/Capacitor_SMD.3dshapes/C_0603_1608Metric.wrl
      (at (xyz 0 0 0))
      (scale (xyz 1 1 1))
      (rotate (xyz 0 0 0))
    )
  )

  (module Capacitor_SMD:C_0603_1608Metric (layer F.Cu) (tedit 5B301BBE) (tstamp 5D2160AD)
    (at 191.262 118.618)
    (descr "Capacitor SMD 0603 (1608 Metric), square (rectangular) end terminal, IPC_7351 nominal, (Body size source: http://www.tortai-tech.com/upload/download/2011102023233369053.pdf), generated with kicad-footprint-generator")
    (tags capacitor)
    (path /5D2720BC/5D2D6869)
    (attr smd)
    (fp_text reference C4 (at 0 -1.43) (layer F.SilkS)
      (effects (font (size 1 1) (thickness 0.15)))
    )
    (fp_text value 10uF (at 0 1.43) (layer F.Fab)
      (effects (font (size 1 1) (thickness 0.15)))
    )
    (fp_text user %R (at 0 0) (layer F.Fab)
      (effects (font (size 0.4 0.4) (thickness 0.06)))
    )
    (fp_line (start 1.48 0.73) (end -1.48 0.73) (layer F.CrtYd) (width 0.05))
    (fp_line (start 1.48 -0.73) (end 1.48 0.73) (layer F.CrtYd) (width 0.05))
    (fp_line (start -1.48 -0.73) (end 1.48 -0.73) (layer F.CrtYd) (width 0.05))
    (fp_line (start -1.48 0.73) (end -1.48 -0.73) (layer F.CrtYd) (width 0.05))
    (fp_line (start -0.162779 0.51) (end 0.162779 0.51) (layer F.SilkS) (width 0.12))
    (fp_line (start -0.162779 -0.51) (end 0.162779 -0.51) (layer F.SilkS) (width 0.12))
    (fp_line (start 0.8 0.4) (end -0.8 0.4) (layer F.Fab) (width 0.1))
    (fp_line (start 0.8 -0.4) (end 0.8 0.4) (layer F.Fab) (width 0.1))
    (fp_line (start -0.8 -0.4) (end 0.8 -0.4) (layer F.Fab) (width 0.1))
    (fp_line (start -0.8 0.4) (end -0.8 -0.4) (layer F.Fab) (width 0.1))
    (pad 2 smd roundrect (at 0.7875 0) (size 0.875 0.95) (layers F.Cu F.Paste F.Mask) (roundrect_rratio 0.25)
      (net 3 /BatteryCharger/BAT+))
    (pad 1 smd roundrect (at -0.7875 0) (size 0.875 0.95) (layers F.Cu F.Paste F.Mask) (roundrect_rratio 0.25)
      (net 1 GND))
    (model ${KISYS3DMOD}/Capacitor_SMD.3dshapes/C_0603_1608Metric.wrl
      (at (xyz 0 0 0))
      (scale (xyz 1 1 1))
      (rotate (xyz 0 0 0))
    )
  )

  (module Capacitor_SMD:C_0603_1608Metric (layer F.Cu) (tedit 5B301BBE) (tstamp 5D2160BE)
    (at 184.6325 126.492 180)
    (descr "Capacitor SMD 0603 (1608 Metric), square (rectangular) end terminal, IPC_7351 nominal, (Body size source: http://www.tortai-tech.com/upload/download/2011102023233369053.pdf), generated with kicad-footprint-generator")
    (tags capacitor)
    (path /5D2720BC/5D2C017F)
    (attr smd)
    (fp_text reference C5 (at 0 -1.43 180) (layer F.SilkS)
      (effects (font (size 1 1) (thickness 0.15)))
    )
    (fp_text value 3.3nF (at 0 1.43 180) (layer F.Fab)
      (effects (font (size 1 1) (thickness 0.15)))
    )
    (fp_line (start -0.8 0.4) (end -0.8 -0.4) (layer F.Fab) (width 0.1))
    (fp_line (start -0.8 -0.4) (end 0.8 -0.4) (layer F.Fab) (width 0.1))
    (fp_line (start 0.8 -0.4) (end 0.8 0.4) (layer F.Fab) (width 0.1))
    (fp_line (start 0.8 0.4) (end -0.8 0.4) (layer F.Fab) (width 0.1))
    (fp_line (start -0.162779 -0.51) (end 0.162779 -0.51) (layer F.SilkS) (width 0.12))
    (fp_line (start -0.162779 0.51) (end 0.162779 0.51) (layer F.SilkS) (width 0.12))
    (fp_line (start -1.48 0.73) (end -1.48 -0.73) (layer F.CrtYd) (width 0.05))
    (fp_line (start -1.48 -0.73) (end 1.48 -0.73) (layer F.CrtYd) (width 0.05))
    (fp_line (start 1.48 -0.73) (end 1.48 0.73) (layer F.CrtYd) (width 0.05))
    (fp_line (start 1.48 0.73) (end -1.48 0.73) (layer F.CrtYd) (width 0.05))
    (fp_text user %R (at 0 0 180) (layer F.Fab)
      (effects (font (size 0.4 0.4) (thickness 0.06)))
    )
    (pad 1 smd roundrect (at -0.7875 0 180) (size 0.875 0.95) (layers F.Cu F.Paste F.Mask) (roundrect_rratio 0.25)
      (net 4 "Net-(C5-Pad1)"))
    (pad 2 smd roundrect (at 0.7875 0 180) (size 0.875 0.95) (layers F.Cu F.Paste F.Mask) (roundrect_rratio 0.25)
      (net 1 GND))
    (model ${KISYS3DMOD}/Capacitor_SMD.3dshapes/C_0603_1608Metric.wrl
      (at (xyz 0 0 0))
      (scale (xyz 1 1 1))
      (rotate (xyz 0 0 0))
    )
  )

  (module Capacitor_SMD:C_0603_1608Metric (layer F.Cu) (tedit 5B301BBE) (tstamp 5D2160CF)
    (at 192.786 126.492 180)
    (descr "Capacitor SMD 0603 (1608 Metric), square (rectangular) end terminal, IPC_7351 nominal, (Body size source: http://www.tortai-tech.com/upload/download/2011102023233369053.pdf), generated with kicad-footprint-generator")
    (tags capacitor)
    (path /5D2720BC/5D2D6854)
    (attr smd)
    (fp_text reference C6 (at 0 -1.43 180) (layer F.SilkS)
      (effects (font (size 1 1) (thickness 0.15)))
    )
    (fp_text value 3.3nF (at 0 1.43 180) (layer F.Fab)
      (effects (font (size 1 1) (thickness 0.15)))
    )
    (fp_line (start -0.8 0.4) (end -0.8 -0.4) (layer F.Fab) (width 0.1))
    (fp_line (start -0.8 -0.4) (end 0.8 -0.4) (layer F.Fab) (width 0.1))
    (fp_line (start 0.8 -0.4) (end 0.8 0.4) (layer F.Fab) (width 0.1))
    (fp_line (start 0.8 0.4) (end -0.8 0.4) (layer F.Fab) (width 0.1))
    (fp_line (start -0.162779 -0.51) (end 0.162779 -0.51) (layer F.SilkS) (width 0.12))
    (fp_line (start -0.162779 0.51) (end 0.162779 0.51) (layer F.SilkS) (width 0.12))
    (fp_line (start -1.48 0.73) (end -1.48 -0.73) (layer F.CrtYd) (width 0.05))
    (fp_line (start -1.48 -0.73) (end 1.48 -0.73) (layer F.CrtYd) (width 0.05))
    (fp_line (start 1.48 -0.73) (end 1.48 0.73) (layer F.CrtYd) (width 0.05))
    (fp_line (start 1.48 0.73) (end -1.48 0.73) (layer F.CrtYd) (width 0.05))
    (fp_text user %R (at 0 0 180) (layer F.Fab)
      (effects (font (size 0.4 0.4) (thickness 0.06)))
    )
    (pad 1 smd roundrect (at -0.7875 0 180) (size 0.875 0.95) (layers F.Cu F.Paste F.Mask) (roundrect_rratio 0.25)
      (net 5 "Net-(C6-Pad1)"))
    (pad 2 smd roundrect (at 0.7875 0 180) (size 0.875 0.95) (layers F.Cu F.Paste F.Mask) (roundrect_rratio 0.25)
      (net 1 GND))
    (model ${KISYS3DMOD}/Capacitor_SMD.3dshapes/C_0603_1608Metric.wrl
      (at (xyz 0 0 0))
      (scale (xyz 1 1 1))
      (rotate (xyz 0 0 0))
    )
  )

  (module Capacitor_SMD:C_0603_1608Metric (layer F.Cu) (tedit 5B301BBE) (tstamp 5D2160E0)
    (at 182.3975 115.57)
    (descr "Capacitor SMD 0603 (1608 Metric), square (rectangular) end terminal, IPC_7351 nominal, (Body size source: http://www.tortai-tech.com/upload/download/2011102023233369053.pdf), generated with kicad-footprint-generator")
    (tags capacitor)
    (path /5D2720BC/5D2C0D6E)
    (attr smd)
    (fp_text reference C7 (at 0 -1.43) (layer F.SilkS)
      (effects (font (size 1 1) (thickness 0.15)))
    )
    (fp_text value 22uF (at 0 1.43) (layer F.Fab)
      (effects (font (size 1 1) (thickness 0.15)))
    )
    (fp_text user %R (at 0 0) (layer F.Fab)
      (effects (font (size 0.4 0.4) (thickness 0.06)))
    )
    (fp_line (start 1.48 0.73) (end -1.48 0.73) (layer F.CrtYd) (width 0.05))
