(kicad_pcb (version 20171130) (host pcbnew "(5.1.0-0)")

  (general
    (thickness 1.6)
    (drawings 26)
    (tracks 0)
    (zones 0)
    (modules 28)
    (nets 97)
  )

  (page A4)
  (layers
    (0 F.Cu signal)
    (31 B.Cu signal)
    (32 B.Adhes user)
    (33 F.Adhes user)
    (34 B.Paste user)
    (35 F.Paste user)
    (36 B.SilkS user)
    (37 F.SilkS user)
    (38 B.Mask user)
    (39 F.Mask user)
    (40 Dwgs.User user)
    (41 Cmts.User user)
    (42 Eco1.User user)
    (43 Eco2.User user)
    (44 Edge.Cuts user)
    (45 Margin user)
    (46 B.CrtYd user)
    (47 F.CrtYd user)
    (48 B.Fab user)
    (49 F.Fab user)
  )

  (setup
    (last_trace_width 0.25)
    (trace_clearance 0.2)
    (zone_clearance 0.508)
    (zone_45_only no)
    (trace_min 0.2)
    (via_size 0.8)
    (via_drill 0.4)
    (via_min_size 0.4)
    (via_min_drill 0.3)
    (uvia_size 0.3)
    (uvia_drill 0.1)
    (uvias_allowed no)
    (uvia_min_size 0.2)
    (uvia_min_drill 0.1)
    (edge_width 0.05)
    (segment_width 0.2)
    (pcb_text_width 0.3)
    (pcb_text_size 1.5 1.5)
    (mod_edge_width 0.12)
    (mod_text_size 1 1)
    (mod_text_width 0.15)
    (pad_size 45 45)
    (pad_drill 45)
    (pad_to_mask_clearance 0.051)
    (solder_mask_min_width 0.25)
    (aux_axis_origin 0 0)
    (visible_elements FFFFFF7F)
    (pcbplotparams
      (layerselection 0x010fc_ffffffff)
      (usegerberextensions false)
      (usegerberattributes false)
      (usegerberadvancedattributes false)
      (creategerberjobfile false)
      (excludeedgelayer true)
      (linewidth 0.100000)
      (plotframeref false)
      (viasonmask false)
      (mode 1)
      (useauxorigin false)
      (hpglpennumber 1)
      (hpglpenspeed 20)
      (hpglpendiameter 15.000000)
      (psnegative false)
      (psa4output false)
      (plotreference true)
      (plotvalue true)
      (plotinvisibletext false)
      (padsonsilk false)
      (subtractmaskfromsilk false)
      (outputformat 1)
      (mirror false)
      (drillshape 1)
      (scaleselection 1)
      (outputdirectory ""))
  )

  (net 0 "")
  (net 1 "Net-(D1-Pad1)")
  (net 2 "Net-(D1-Pad2)")
  (net 3 "Net-(D2-Pad2)")
  (net 4 "Net-(D2-Pad1)")
  (net 5 "Net-(D3-Pad2)")
  (net 6 "Net-(D3-Pad1)")
  (net 7 "Net-(D4-Pad1)")
  (net 8 "Net-(D4-Pad2)")
  (net 9 "Net-(D5-Pad1)")
  (net 10 "Net-(D5-Pad2)")
  (net 11 "Net-(D6-Pad3)")
  (net 12 "Net-(D6-Pad4)")
  (net 13 "Net-(D6-Pad2)")
  (net 14 "Net-(D6-Pad1)")
  (net 15 "Net-(D7-Pad2)")
  (net 16 "Net-(D7-Pad1)")
  (net 17 "Net-(D8-Pad2)")
  (net 18 "Net-(D8-Pad1)")
  (net 19 "Net-(D9-Pad1)")
  (net 20 "Net-(D9-Pad2)")
  (net 21 "Net-(D10-Pad1)")
  (net 22 "Net-(D10-Pad2)")
  (net 23 "Net-(D10-Pad4)")
  (net 24 "Net-(D10-Pad3)")
  (net 25 "Net-(D11-Pad3)")
  (net 26 "Net-(D11-Pad4)")
  (net 27 "Net-(D11-Pad2)")
  (net 28 "Net-(D11-Pad1)")
  (net 29 "Net-(D12-Pad1)")
  (net 30 "Net-(D12-Pad2)")
  (net 31 "Net-(D12-Pad4)")
  (net 32 "Net-(D12-Pad3)")
  (net 33 "Net-(D13-Pad3)")
  (net 34 "Net-(D13-Pad4)")
  (net 35 "Net-(D13-Pad2)")
  (net 36 "Net-(D13-Pad1)")
  (net 37 "Net-(D14-Pad1)")
  (net 38 "Net-(D14-Pad2)")
  (net 39 "Net-(D14-Pad4)")
  (net 40 "Net-(D14-Pad3)")
  (net 41 "Net-(D15-Pad1)")
  (net 42 "Net-(D15-Pad2)")
  (net 43 "Net-(D15-Pad4)")
  (net 44 "Net-(D15-Pad3)")
  (net 45 "Net-(D16-Pad1)")
  (net 46 "Net-(D16-Pad2)")
  (net 47 "Net-(D16-Pad4)")
  (net 48 "Net-(D16-Pad3)")
  (net 49 "Net-(D17-Pad3)")
  (net 50 "Net-(D17-Pad4)")
  (net 51 "Net-(D17-Pad2)")
  (net 52 "Net-(D17-Pad1)")
  (net 53 "Net-(D18-Pad3)")
  (net 54 "Net-(D18-Pad4)")
  (net 55 "Net-(D18-Pad2)")
  (net 56 "Net-(D18-Pad1)")
  (net 57 "Net-(D19-Pad1)")
  (net 58 "Net-(D19-Pad2)")
  (net 59 "Net-(D19-Pad4)")
  (net 60 "Net-(D19-Pad3)")
  (net 61 "Net-(D20-Pad1)")
  (net 62 "Net-(D20-Pad2)")
  (net 63 "Net-(D20-Pad4)")
  (net 64 "Net-(D20-Pad3)")
  (net 65 "Net-(D21-Pad3)")
  (net 66 "Net-(D21-Pad4)")
  (net 67 "Net-(D21-Pad2)")
  (net 68 "Net-(D21-Pad1)")
  (net 69 "Net-(D22-Pad3)")
  (net 70 "Net-(D22-Pad4)")
  (net 71 "Net-(D22-Pad2)")
  (net 72 "Net-(D22-Pad1)")
  (net 73 "Net-(D23-Pad1)")
  (net 74 "Net-(D23-Pad2)")
  (net 75 "Net-(D23-Pad4)")
  (net 76 "Net-(D23-Pad3)")
  (net 77 "Net-(D24-Pad1)")
  (net 78 "Net-(D24-Pad2)")
  (net 79 "Net-(D24-Pad4)")
  (net 80 "Net-(D24-Pad3)")
  (net 81 "Net-(D1-Pad3)")
  (net 82 "Net-(D1-Pad4)")
  (net 83 "Net-(D2-Pad4)")
  (net 84 "Net-(D2-Pad3)")
  (net 85 "Net-(D3-Pad3)")
  (net 86 "Net-(D3-Pad4)")
  (net 87 "Net-(D4-Pad4)")
  (net 88 "Net-(D4-Pad3)")
  (net 89 "Net-(D5-Pad3)")
  (net 90 "Net-(D5-Pad4)")
  (net 91 "Net-(D7-Pad4)")
  (net 92 "Net-(D7-Pad3)")
  (net 93 "Net-(D8-Pad4)")
  (net 94 "Net-(D8-Pad3)")
  (net 95 "Net-(D9-Pad3)")
  (net 96 "Net-(D9-Pad4)")

  (net_class Default "This is the default net class."
    (clearance 0.2)
    (trace_width 0.25)
    (via_dia 0.8)
    (via_drill 0.4)
    (uvia_dia 0.3)
    (uvia_drill 0.1)
    (add_net "Net-(D1-Pad1)")
    (add_net "Net-(D1-Pad2)")
    (add_net "Net-(D1-Pad3)")
    (add_net "Net-(D1-Pad4)")
    (add_net "Net-(D10-Pad1)")
    (add_net "Net-(D10-Pad2)")
    (add_net "Net-(D10-Pad3)")
    (add_net "Net-(D10-Pad4)")
    (add_net "Net-(D11-Pad1)")
    (add_net "Net-(D11-Pad2)")
    (add_net "Net-(D11-Pad3)")
    (add_net "Net-(D11-Pad4)")
    (add_net "Net-(D12-Pad1)")
    (add_net "Net-(D12-Pad2)")
    (add_net "Net-(D12-Pad3)")
    (add_net "Net-(D12-Pad4)")
    (add_net "Net-(D13-Pad1)")
    (add_net "Net-(D13-Pad2)")
    (add_net "Net-(D13-Pad3)")
    (add_net "Net-(D13-Pad4)")
    (add_net "Net-(D14-Pad1)")
    (add_net "Net-(D14-Pad2)")
    (add_net "Net-(D14-Pad3)")
    (add_net "Net-(D14-Pad4)")
    (add_net "Net-(D15-Pad1)")
    (add_net "Net-(D15-Pad2)")
    (add_net "Net-(D15-Pad3)")
    (add_net "Net-(D15-Pad4)")
    (add_net "Net-(D16-Pad1)")
    (add_net "Net-(D16-Pad2)")
    (add_net "Net-(D16-Pad3)")
    (add_net "Net-(D16-Pad4)")
    (add_net "Net-(D17-Pad1)")
    (add_net "Net-(D17-Pad2)")
    (add_net "Net-(D17-Pad3)")
    (add_net "Net-(D17-Pad4)")
    (add_net "Net-(D18-Pad1)")
    (add_net "Net-(D18-Pad2)")
    (add_net "Net-(D18-Pad3)")
    (add_net "Net-(D18-Pad4)")
    (add_net "Net-(D19-Pad1)")
    (add_net "Net-(D19-Pad2)")
    (add_net "Net-(D19-Pad3)")
    (add_net "Net-(D19-Pad4)")
    (add_net "Net-(D2-Pad1)")
    (add_net "Net-(D2-Pad2)")
    (add_net "Net-(D2-Pad3)")
    (add_net "Net-(D2-Pad4)")
    (add_net "Net-(D20-Pad1)")
    (add_net "Net-(D20-Pad2)")
    (add_net "Net-(D20-Pad3)")
    (add_net "Net-(D20-Pad4)")
    (add_net "Net-(D21-Pad1)")
    (add_net "Net-(D21-Pad2)")
    (add_net "Net-(D21-Pad3)")
    (add_net "Net-(D21-Pad4)")
    (add_net "Net-(D22-Pad1)")
    (add_net "Net-(D22-Pad2)")
    (add_net "Net-(D22-Pad3)")
    (add_net "Net-(D22-Pad4)")
    (add_net "Net-(D23-Pad1)")
    (add_net "Net-(D23-Pad2)")
    (add_net "Net-(D23-Pad3)")
    (add_net "Net-(D23-Pad4)")
    (add_net "Net-(D24-Pad1)")
    (add_net "Net-(D24-Pad2)")
    (add_net "Net-(D24-Pad3)")
    (add_net "Net-(D24-Pad4)")
    (add_net "Net-(D3-Pad1)")
    (add_net "Net-(D3-Pad2)")
    (add_net "Net-(D3-Pad3)")
    (add_net "Net-(D3-Pad4)")
    (add_net "Net-(D4-Pad1)")
    (add_net "Net-(D4-Pad2)")
    (add_net "Net-(D4-Pad3)")
    (add_net "Net-(D4-Pad4)")
    (add_net "Net-(D5-Pad1)")
    (add_net "Net-(D5-Pad2)")
    (add_net "Net-(D5-Pad3)")
    (add_net "Net-(D5-Pad4)")
    (add_net "Net-(D6-Pad1)")
    (add_net "Net-(D6-Pad2)")
    (add_net "Net-(D6-Pad3)")
    (add_net "Net-(D6-Pad4)")
    (add_net "Net-(D7-Pad1)")
    (add_net "Net-(D7-Pad2)")
    (add_net "Net-(D7-Pad3)")
    (add_net "Net-(D7-Pad4)")
    (add_net "Net-(D8-Pad1)")
    (add_net "Net-(D8-Pad2)")
    (add_net "Net-(D8-Pad3)")
    (add_net "Net-(D8-Pad4)")
    (add_net "Net-(D9-Pad1)")
    (add_net "Net-(D9-Pad2)")
    (add_net "Net-(D9-Pad3)")
    (add_net "Net-(D9-Pad4)")
  )

  (module MountingHole:MountingHole_5mm (layer F.Cu) (tedit 56D1B4CB) (tstamp 5D1982A9)
    (at 144.145 43.18)
    (descr "Mounting Hole 5mm, no annular")
    (tags "mounting hole 5mm no annular")
    (attr virtual)
    (fp_text reference REF** (at 0 -6) (layer F.SilkS)
      (effects (font (size 1 1) (thickness 0.15)))
    )
    (fp_text value MountingHole_5mm (at 0 6) (layer F.Fab)
      (effects (font (size 1 1) (thickness 0.15)))
    )
    (fp_circle (center 0 0) (end 5.25 0) (layer F.CrtYd) (width 0.05))
    (fp_circle (center 0 0) (end 5 0) (layer Cmts.User) (width 0.15))
    (fp_text user %R (at 0.3 0) (layer F.Fab)
      (effects (font (size 1 1) (thickness 0.15)))
    )
    (pad 1 np_thru_hole circle (at 0 0) (size 5 5) (drill 5) (layers *.Cu *.Mask))
  )

  (module MountingHole:MountingHole_5mm (layer F.Cu) (tedit 56D1B4CB) (tstamp 5D198285)
    (at 43.815 43.18)
    (descr "Mounting Hole 5mm, no annular")
    (tags "mounting hole 5mm no annular")
    (attr virtual)
    (fp_text reference REF** (at 0 -6) (layer F.SilkS)
      (effects (font (size 1 1) (thickness 0.15)))
    )
    (fp_text value MountingHole_5mm (at 0 6) (layer F.Fab)
      (effects (font (size 1 1) (thickness 0.15)))
    )
    (fp_circle (center 0 0) (end 5.25 0) (layer F.CrtYd) (width 0.05))
    (fp_circle (center 0 0) (end 5 0) (layer Cmts.User) (width 0.15))
    (fp_text user %R (at 0.3 0) (layer F.Fab)
      (effects (font (size 1 1) (thickness 0.15)))
    )
    (pad 1 np_thru_hole circle (at 0 0) (size 5 5) (drill 5) (layers *.Cu *.Mask))
  )

  (module MountingHole:MountingHole_5mm (layer F.Cu) (tedit 56D1B4CB) (tstamp 5D198261)
    (at 43.815 143.51)
    (descr "Mounting Hole 5mm, no annular")
    (tags "mounting hole 5mm no annular")
    (attr virtual)
    (fp_text reference REF** (at 0 -6) (layer F.SilkS)
      (effects (font (size 1 1) (thickness 0.15)))
    )
    (fp_text value MountingHole_5mm (at 0 6) (layer F.Fab)
      (effects (font (size 1 1) (thickness 0.15)))
    )
    (fp_circle (center 0 0) (end 5.25 0) (layer F.CrtYd) (width 0.05))
    (fp_circle (center 0 0) (end 5 0) (layer Cmts.User) (width 0.15))
    (fp_text user %R (at 0.3 0) (layer F.Fab)
      (effects (font (size 1 1) (thickness 0.15)))
    )
    (pad 1 np_thru_hole circle (at 0 0) (size 5 5) (drill 5) (layers *.Cu *.Mask))
  )

  (module MountingHole:MountingHole_5mm (layer F.Cu) (tedit 56D1B4CB) (tstamp 5D198195)
    (at 144.145 143.51)
    (descr "Mounting Hole 5mm, no annular")
    (tags "mounting hole 5mm no annular")
    (attr virtual)
    (fp_text reference REF** (at 0 -6) (layer F.SilkS)
      (effects (font (size 1 1) (thickness 0.15)))
    )
    (fp_text value MountingHole_5mm (at 0 6) (layer F.Fab)
      (effects (font (size 1 1) (thickness 0.15)))
    )
    (fp_circle (center 0 0) (end 5.25 0) (layer F.CrtYd) (width 0.05))
    (fp_circle (center 0 0) (end 5 0) (layer Cmts.User) (width 0.15))
    (fp_text user %R (at 0.3 0) (layer F.Fab)
      (effects (font (size 1 1) (thickness 0.15)))
    )
    (pad 1 np_thru_hole circle (at 0 0) (size 5 5) (drill 5) (layers *.Cu *.Mask))
  )

  (module LED_SMD:LED_RGB_1210 (layer F.Cu) (tedit 5979AE99) (tstamp 5D1958E8)
    (at 93.915 47.47 90)
    (descr "RGB LED 3.2x2.7mm http://www.avagotech.com/docs/AV02-0610EN")
    (tags "LED 3227")
    (path /5D219B5E)
    (attr smd)
    (fp_text reference D1 (at 0 -2.3 90) (layer F.SilkS)
      (effects (font (size 1 1) (thickness 0.15)))
    )
    (fp_text value LED_Dual_AACC_pins (at 0 2.45 90) (layer F.Fab)
      (effects (font (size 1 1) (thickness 0.15)))
    )
    (fp_text user %R (at 0 -2.3 90) (layer F.Fab)
      (effects (font (size 1 1) (thickness 0.15)))
    )
    (fp_line (start -1.6 -0.675) (end -0.925 -1.35) (layer F.Fab) (width 0.1))
    (fp_line (start -1.6 1.35) (end -1.6 -0.675) (layer F.Fab) (width 0.1))
    (fp_line (start 1.6 1.35) (end -1.6 1.35) (layer F.Fab) (width 0.1))
    (fp_line (start 1.6 -1.35) (end 1.6 1.35) (layer F.Fab) (width 0.1))
    (fp_line (start -0.925 -1.35) (end 1.6 -1.35) (layer F.Fab) (width 0.1))
    (fp_line (start -2.8 -0.5) (end -2.8 -1.5) (layer F.SilkS) (width 0.15))
    (fp_line (start 2.7 -1.5) (end -2.8 -1.5) (layer F.SilkS) (width 0.15))
    (fp_line (start 2.7 1.5) (end -2.7 1.5) (layer F.SilkS) (width 0.15))
    (fp_line (start 2.85 1.65) (end 2.85 -1.65) (layer F.CrtYd) (width 0.05))
    (fp_line (start 2.85 -1.65) (end -2.95 -1.65) (layer F.CrtYd) (width 0.05))
    (fp_line (start -2.95 -1.65) (end -2.95 1.65) (layer F.CrtYd) (width 0.05))
    (fp_line (start -2.95 1.65) (end 2.85 1.65) (layer F.CrtYd) (width 0.05))
    (pad 3 smd rect (at 1.75 0.7 270) (size 1.5 1) (layers F.Cu F.Paste F.Mask)
      (net 81 "Net-(D1-Pad3)"))
    (pad 4 smd rect (at 1.75 -0.7 270) (size 1.5 1) (layers F.Cu F.Paste F.Mask)
      (net 82 "Net-(D1-Pad4)"))
    (pad 2 smd rect (at -1.75 0.7 270) (size 1.5 1) (layers F.Cu F.Paste F.Mask)
      (net 2 "Net-(D1-Pad2)"))
    (pad 1 smd rect (at -1.75 -0.7 270) (size 1.5 1) (layers F.Cu F.Paste F.Mask)
      (net 1 "Net-(D1-Pad1)"))
    (model ${KISYS3DMOD}/LED_SMD.3dshapes/LED_RGB_1210.wrl
      (at (xyz 0 0 0))
      (scale (xyz 1 1 1))
      (rotate (xyz 0 0 0))
    )
  )

  (module LED_SMD:LED_RGB_1210 (layer F.Cu) (tedit 5979AE99) (tstamp 5D197618)
    (at 105.98 49.375 90)
    (descr "RGB LED 3.2x2.7mm http://www.avagotech.com/docs/AV02-0610EN")
    (tags "LED 3227")
    (path /5D219B54)
    (attr smd)
    (fp_text reference D2 (at 0 -2.3 90) (layer F.SilkS)
      (effects (font (size 1 1) (thickness 0.15)))
    )
    (fp_text value LED_Dual_AACC_pins (at 0 2.45 90) (layer F.Fab)
      (effects (font (size 1 1) (thickness 0.15)))
    )
    (fp_line (start -2.95 1.65) (end 2.85 1.65) (layer F.CrtYd) (width 0.05))
    (fp_line (start -2.95 -1.65) (end -2.95 1.65) (layer F.CrtYd) (width 0.05))
    (fp_line (start 2.85 -1.65) (end -2.95 -1.65) (layer F.CrtYd) (width 0.05))
    (fp_line (start 2.85 1.65) (end 2.85 -1.65) (layer F.CrtYd) (width 0.05))
    (fp_line (start 2.7 1.5) (end -2.7 1.5) (layer F.SilkS) (width 0.15))
    (fp_line (start 2.7 -1.5) (end -2.8 -1.5) (layer F.SilkS) (width 0.15))
    (fp_line (start -2.8 -0.5) (end -2.8 -1.5) (layer F.SilkS) (width 0.15))
    (fp_line (start -0.925 -1.35) (end 1.6 -1.35) (layer F.Fab) (width 0.1))
    (fp_line (start 1.6 -1.35) (end 1.6 1.35) (layer F.Fab) (width 0.1))
    (fp_line (start 1.6 1.35) (end -1.6 1.35) (layer F.Fab) (width 0.1))
    (fp_line (start -1.6 1.35) (end -1.6 -0.675) (layer F.Fab) (width 0.1))
    (fp_line (start -1.6 -0.675) (end -0.925 -1.35) (layer F.Fab) (width 0.1))
    (fp_text user %R (at 0 -2.3 90) (layer F.Fab)
      (effects (font (size 1 1) (thickness 0.15)))
    )
    (pad 1 smd rect (at -1.75 -0.7 270) (size 1.5 1) (layers F.Cu F.Paste F.Mask)
      (net 4 "Net-(D2-Pad1)"))
    (pad 2 smd rect (at -1.75 0.7 270) (size 1.5 1) (layers F.Cu F.Paste F.Mask)
      (net 3 "Net-(D2-Pad2)"))
    (pad 4 smd rect (at 1.75 -0.7 270) (size 1.5 1) (layers F.Cu F.Paste F.Mask)
      (net 83 "Net-(D2-Pad4)"))
    (pad 3 smd rect (at 1.75 0.7 270) (size 1.5 1) (layers F.Cu F.Paste F.Mask)
      (net 84 "Net-(D2-Pad3)"))
    (model ${KISYS3DMOD}/LED_SMD.3dshapes/LED_RGB_1210.wrl
      (at (xyz 0 0 0))
      (scale (xyz 1 1 1))
      (rotate (xyz 0 0 0))
    )
  )

  (module LED_SMD:LED_RGB_1210 (layer F.Cu) (tedit 5979AE99) (tstamp 5D19758A)
    (at 116.84 53.975 90)
    (descr "RGB LED 3.2x2.7mm http://www.avagotech.com/docs/AV02-0610EN")
    (tags "LED 3227")
    (path /5D219B4A)
    (attr smd)
    (fp_text reference D3 (at 0 -2.3 90) (layer F.SilkS)
      (effects (font (size 1 1) (thickness 0.15)))
    )
    (fp_text value LED_Dual_AACC_pins (at 0 2.45 90) (layer F.Fab)
      (effects (font (size 1 1) (thickness 0.15)))
    )
    (fp_text user %R (at 0 -2.3 90) (layer F.Fab)
      (effects (font (size 1 1) (thickness 0.15)))
    )
    (fp_line (start -1.6 -0.675) (end -0.925 -1.35) (layer F.Fab) (width 0.1))
    (fp_line (start -1.6 1.35) (end -1.6 -0.675) (layer F.Fab) (width 0.1))
    (fp_line (start 1.6 1.35) (end -1.6 1.35) (layer F.Fab) (width 0.1))
    (fp_line (start 1.6 -1.35) (end 1.6 1.35) (layer F.Fab) (width 0.1))
    (fp_line (start -0.925 -1.35) (end 1.6 -1.35) (layer F.Fab) (width 0.1))
    (fp_line (start -2.8 -0.5) (end -2.8 -1.5) (layer F.SilkS) (width 0.15))
    (fp_line (start 2.7 -1.5) (end -2.8 -1.5) (layer F.SilkS) (width 0.15))
    (fp_line (start 2.7 1.5) (end -2.7 1.5) (layer F.SilkS) (width 0.15))
    (fp_line (start 2.85 1.65) (end 2.85 -1.65) (layer F.CrtYd) (width 0.05))
    (fp_line (start 2.85 -1.65) (end -2.95 -1.65) (layer F.CrtYd) (width 0.05))
    (fp_line (start -2.95 -1.65) (end -2.95 1.65) (layer F.CrtYd) (width 0.05))
    (fp_line (start -2.95 1.65) (end 2.85 1.65) (layer F.CrtYd) (width 0.05))
    (pad 3 smd rect (at 1.75 0.7 270) (size 1.5 1) (layers F.Cu F.Paste F.Mask)
      (net 85 "Net-(D3-Pad3)"))
    (pad 4 smd rect (at 1.75 -0.7 270) (size 1.5 1) (layers F.Cu F.Paste F.Mask)
      (net 86 "Net-(D3-Pad4)"))
    (pad 2 smd rect (at -1.75 0.7 270) (size 1.5 1) (layers F.Cu F.Paste F.Mask)
      (net 5 "Net-(D3-Pad2)"))
    (pad 1 smd rect (at -1.75 -0.7 270) (size 1.5 1) (layers F.Cu F.Paste F.Mask)
      (net 6 "Net-(D3-Pad1)"))
    (model ${KISYS3DMOD}/LED_SMD.3dshapes/LED_RGB_1210.wrl
      (at (xyz 0 0 0))
      (scale (xyz 1 1 1))
      (rotate (xyz 0 0 0))
    )
  )

  (module LED_SMD:LED_RGB_1210 (layer F.Cu) (tedit 5979AE99) (tstamp 5D1974E7)
    (at 126.43 60.805 45)
    (descr "RGB LED 3.2x2.7mm http://www.avagotech.com/docs/AV02-0610EN")
    (tags "LED 3227")
    (path /5D219B40)
    (attr smd)
    (fp_text reference D4 (at 0 -2.3 45) (layer F.SilkS)
      (effects (font (size 1 1) (thickness 0.15)))
    )
    (fp_text value LED_Dual_AACC_pins (at 0 2.45 45) (layer F.Fab)
      (effects (font (size 1 1) (thickness 0.15)))
    )
    (fp_line (start -2.95 1.65) (end 2.85 1.65) (layer F.CrtYd) (width 0.05))
    (fp_line (start -2.95 -1.65) (end -2.95 1.65) (layer F.CrtYd) (width 0.05))
    (fp_line (start 2.85 -1.65) (end -2.95 -1.65) (layer F.CrtYd) (width 0.05))
    (fp_line (start 2.85 1.65) (end 2.85 -1.65) (layer F.CrtYd) (width 0.05))
    (fp_line (start 2.7 1.5) (end -2.7 1.5) (layer F.SilkS) (width 0.15))
    (fp_line (start 2.7 -1.5) (end -2.8 -1.5) (layer F.SilkS) (width 0.15))
    (fp_line (start -2.8 -0.5) (end -2.8 -1.5) (layer F.SilkS) (width 0.15))
    (fp_line (start -0.925 -1.35) (end 1.6 -1.35) (layer F.Fab) (width 0.1))
    (fp_line (start 1.6 -1.35) (end 1.6 1.35) (layer F.Fab) (width 0.1))
    (fp_line (start 1.6 1.35) (end -1.6 1.35) (layer F.Fab) (width 0.1))
    (fp_line (start -1.6 1.35) (end -1.6 -0.675) (layer F.Fab) (width 0.1))
    (fp_line (start -1.6 -0.675) (end -0.925 -1.35) (layer F.Fab) (width 0.1))
    (fp_text user %R (at 0 -2.3 45) (layer F.Fab)
      (effects (font (size 1 1) (thickness 0.15)))
    )
    (pad 1 smd rect (at -1.75 -0.7 225) (size 1.5 1) (layers F.Cu F.Paste F.Mask)
      (net 7 "Net-(D4-Pad1)"))
    (pad 2 smd rect (at -1.75 0.7 225) (size 1.5 1) (layers F.Cu F.Paste F.Mask)
      (net 8 "Net-(D4-Pad2)"))
    (pad 4 smd rect (at 1.75 -0.7 225) (size 1.5 1) (layers F.Cu F.Paste F.Mask)
      (net 87 "Net-(D4-Pad4)"))
    (pad 3 smd rect (at 1.75 0.7 225) (size 1.5 1) (layers F.Cu F.Paste F.Mask)
      (net 88 "Net-(D4-Pad3)"))
    (model ${KISYS3DMOD}/LED_SMD.3dshapes/LED_RGB_1210.wrl
      (at (xyz 0 0 0))
      (scale (xyz 1 1 1))
      (rotate (xyz 0 0 0))
    )
  )

  (module LED_SMD:LED_RGB_1210 (layer F.Cu) (tedit 5979AE99) (tstamp 5D197459)
    (at 133.505 70.42)
    (descr "RGB LED 3.2x2.7mm http://www.avagotech.com/docs/AV02-0610EN")
    (tags "LED 3227")
    (path /5D219B36)
    (attr smd)
    (fp_text reference D5 (at 0 -2.3) (layer F.SilkS)
      (effects (font (size 1 1) (thickness 0.15)))
    )
    (fp_text value LED_Dual_AACC_pins (at 0 2.45) (layer F.Fab)
      (effects (font (size 1 1) (thickness 0.15)))
    )
    (fp_text user %R (at 0 -2.3) (layer F.Fab)
      (effects (font (size 1 1) (thickness 0.15)))
    )
    (fp_line (start -1.6 -0.675) (end -0.925 -1.35) (layer F.Fab) (width 0.1))
    (fp_line (start -1.6 1.35) (end -1.6 -0.675) (layer F.Fab) (width 0.1))
    (fp_line (start 1.6 1.35) (end -1.6 1.35) (layer F.Fab) (width 0.1))
    (fp_line (start 1.6 -1.35) (end 1.6 1.35) (layer F.Fab) (width 0.1))
    (fp_line (start -0.925 -1.35) (end 1.6 -1.35) (layer F.Fab) (width 0.1))
    (fp_line (start -2.8 -0.5) (end -2.8 -1.5) (layer F.SilkS) (width 0.15))
    (fp_line (start 2.7 -1.5) (end -2.8 -1.5) (layer F.SilkS) (width 0.15))
    (fp_line (start 2.7 1.5) (end -2.7 1.5) (layer F.SilkS) (width 0.15))
    (fp_line (start 2.85 1.65) (end 2.85 -1.65) (layer F.CrtYd) (width 0.05))
    (fp_line (start 2.85 -1.65) (end -2.95 -1.65) (layer F.CrtYd) (width 0.05))
    (fp_line (start -2.95 -1.65) (end -2.95 1.65) (layer F.CrtYd) (width 0.05))
    (fp_line (start -2.95 1.65) (end 2.85 1.65) (layer F.CrtYd) (width 0.05))
    (pad 3 smd rect (at 1.75 0.7 180) (size 1.5 1) (layers F.Cu F.Paste F.Mask)
      (net 89 "Net-(D5-Pad3)"))
    (pad 4 smd rect (at 1.75 -0.7 180) (size 1.5 1) (layers F.Cu F.Paste F.Mask)
      (net 90 "Net-(D5-Pad4)"))
    (pad 2 smd rect (at -1.75 0.7 180) (size 1.5 1) (layers F.Cu F.Paste F.Mask)
      (net 10 "Net-(D5-Pad2)"))
    (pad 1 smd rect (at -1.75 -0.7 180) (size 1.5 1) (layers F.Cu F.Paste F.Mask)
      (net 9 "Net-(D5-Pad1)"))
    (model ${KISYS3DMOD}/LED_SMD.3dshapes/LED_RGB_1210.wrl
      (at (xyz 0 0 0))
      (scale (xyz 1 1 1))
      (rotate (xyz 0 0 0))
    )
  )

  (module LED_SMD:LED_RGB_1210 (layer F.Cu) (tedit 5979AE99) (tstamp 5D1973B6)
    (at 137.95 81.85)
    (descr "RGB LED 3.2x2.7mm http://www.avagotech.com/docs/AV02-0610EN")
    (tags "LED 3227")
    (path /5D219B2C)
    (attr smd)
    (fp_text reference D6 (at 0 -2.3) (layer F.SilkS)
      (effects (font (size 1 1) (thickness 0.15)))
    )
    (fp_text value LED_Dual_AACC_pins (at 0 2.45) (layer F.Fab)
      (effects (font (size 1 1) (thickness 0.15)))
    )
    (fp_line (start -2.95 1.65) (end 2.85 1.65) (layer F.CrtYd) (width 0.05))
    (fp_line (start -2.95 -1.65) (end -2.95 1.65) (layer F.CrtYd) (width 0.05))
    (fp_line (start 2.85 -1.65) (end -2.95 -1.65) (layer F.CrtYd) (width 0.05))
    (fp_line (start 2.85 1.65) (end 2.85 -1.65) (layer F.CrtYd) (width 0.05))
    (fp_line (start 2.7 1.5) (end -2.7 1.5) (layer F.SilkS) (width 0.15))
    (fp_line (start 2.7 -1.5) (end -2.8 -1.5) (layer F.SilkS) (width 0.15))
    (fp_line (start -2.8 -0.5) (end -2.8 -1.5) (layer F.SilkS) (width 0.15))
    (fp_line (start -0.925 -1.35) (end 1.6 -1.35) (layer F.Fab) (width 0.1))
    (fp_line (start 1.6 -1.35) (end 1.6 1.35) (layer F.Fab) (width 0.1))
    (fp_line (start 1.6 1.35) (end -1.6 1.35) (layer F.Fab) (width 0.1))
    (fp_line (start -1.6 1.35) (end -1.6 -0.675) (layer F.Fab) (width 0.1))
    (fp_line (start -1.6 -0.675) (end -0.925 -1.35) (layer F.Fab) (width 0.1))
    (fp_text user %R (at 0 -2.3) (layer F.Fab)
      (effects (font (size 1 1) (thickness 0.15)))
    )
    (pad 1 smd rect (at -1.75 -0.7 180) (size 1.5 1) (layers F.Cu F.Paste F.Mask)
      (net 14 "Net-(D6-Pad1)"))
    (pad 2 smd rect (at -1.75 0.7 180) (size 1.5 1) (layers F.Cu F.Paste F.Mask)
      (net 13 "Net-(D6-Pad2)"))
    (pad 4 smd rect (at 1.75 -0.7 180) (size 1.5 1) (layers F.Cu F.Paste F.Mask)
      (net 12 "Net-(D6-Pad4)"))
    (pad 3 smd rect (at 1.75 0.7 180) (size 1.5 1) (layers F.Cu F.Paste F.Mask)
      (net 11 "Net-(D6-Pad3)"))
    (model ${KISYS3DMOD}/LED_SMD.3dshapes/LED_RGB_1210.wrl
      (at (xyz 0 0 0))
      (scale (xyz 1 1 1))
      (rotate (xyz 0 0 0))
    )
  )

  (module LED_SMD:LED_RGB_1210 (layer F.Cu) (tedit 5979AE99) (tstamp 5D195966)
    (at 139.7 93.345)
    (descr "RGB LED 3.2x2.7mm http://www.avagotech.com/docs/AV02-0610EN")
    (tags "LED 3227")
    (path /5D1A1BC6)
    (attr smd)
    (fp_text reference D7 (at 0 -2.3) (layer F.SilkS)
      (effects (font (size 1 1) (thickness 0.15)))
    )
    (fp_text value LED_Dual_AACC_pins (at 0 2.45) (layer F.Fab)
      (effects (font (size 1 1) (thickness 0.15)))
    )
    (fp_line (start -2.95 1.65) (end 2.85 1.65) (layer F.CrtYd) (width 0.05))
    (fp_line (start -2.95 -1.65) (end -2.95 1.65) (layer F.CrtYd) (width 0.05))
    (fp_line (start 2.85 -1.65) (end -2.95 -1.65) (layer F.CrtYd) (width 0.05))
    (fp_line (start 2.85 1.65) (end 2.85 -1.65) (layer F.CrtYd) (width 0.05))
    (fp_line (start 2.7 1.5) (end -2.7 1.5) (layer F.SilkS) (width 0.15))
    (fp_line (start 2.7 -1.5) (end -2.8 -1.5) (layer F.SilkS) (width 0.15))
    (fp_line (start -2.8 -0.5) (end -2.8 -1.5) (layer F.SilkS) (width 0.15))
    (fp_line (start -0.925 -1.35) (end 1.6 -1.35) (layer F.Fab) (width 0.1))
    (fp_line (start 1.6 -1.35) (end 1.6 1.35) (layer F.Fab) (width 0.1))
    (fp_line (start 1.6 1.35) (end -1.6 1.35) (layer F.Fab) (width 0.1))
    (fp_line (start -1.6 1.35) (end -1.6 -0.675) (layer F.Fab) (width 0.1))
    (fp_line (start -1.6 -0.675) (end -0.925 -1.35) (layer F.Fab) (width 0.1))
    (fp_text user %R (at 0 -2.3) (layer F.Fab)
      (effects (font (size 1 1) (thickness 0.15)))
    )
    (pad 1 smd rect (at -1.75 -0.7 180) (size 1.5 1) (layers F.Cu F.Paste F.Mask)
      (net 16 "Net-(D7-Pad1)"))
    (pad 2 smd rect (at -1.75 0.7 180) (size 1.5 1) (layers F.Cu F.Paste F.Mask)
      (net 15 "Net-(D7-Pad2)"))
    (pad 4 smd rect (at 1.75 -0.7 180) (size 1.5 1) (layers F.Cu F.Paste F.Mask)
      (net 91 "Net-(D7-Pad4)"))
    (pad 3 smd rect (at 1.75 0.7 180) (size 1.5 1) (layers F.Cu F.Paste F.Mask)
      (net 92 "Net-(D7-Pad3)"))
    (model ${KISYS3DMOD}/LED_SMD.3dshapes/LED_RGB_1210.wrl
      (at (xyz 0 0 0))
      (scale (xyz 1 1 1))
      (rotate (xyz 0 0 0))
    )
  )

  (module LED_SMD:LED_RGB_1210 (layer F.Cu) (tedit 5979AE99) (tstamp 5D197A44)
    (at 137.795 105.41)
    (descr "RGB LED 3.2x2.7mm http://www.avagotech.com/docs/AV02-0610EN")
    (tags "LED 3227")
    (path /5D1F6678)
    (attr smd)
    (fp_text reference D8 (at 0 -2.3) (layer F.SilkS)
      (effects (font (size 1 1) (thickness 0.15)))
    )
    (fp_text value LED_Dual_AACC_pins (at 0 2.45) (layer F.Fab)
      (effects (font (size 1 1) (thickness 0.15)))
    )
    (fp_line (start -2.95 1.65) (end 2.85 1.65) (layer F.CrtYd) (width 0.05))
    (fp_line (start -2.95 -1.65) (end -2.95 1.65) (layer F.CrtYd) (width 0.05))
    (fp_line (start 2.85 -1.65) (end -2.95 -1.65) (layer F.CrtYd) (width 0.05))
    (fp_line (start 2.85 1.65) (end 2.85 -1.65) (layer F.CrtYd) (width 0.05))
    (fp_line (start 2.7 1.5) (end -2.7 1.5) (layer F.SilkS) (width 0.15))
    (fp_line (start 2.7 -1.5) (end -2.8 -1.5) (layer F.SilkS) (width 0.15))
    (fp_line (start -2.8 -0.5) (end -2.8 -1.5) (layer F.SilkS) (width 0.15))
    (fp_line (start -0.925 -1.35) (end 1.6 -1.35) (layer F.Fab) (width 0.1))
    (fp_line (start 1.6 -1.35) (end 1.6 1.35) (layer F.Fab) (width 0.1))
    (fp_line (start 1.6 1.35) (end -1.6 1.35) (layer F.Fab) (width 0.1))
    (fp_line (start -1.6 1.35) (end -1.6 -0.675) (layer F.Fab) (width 0.1))
    (fp_line (start -1.6 -0.675) (end -0.925 -1.35) (layer F.Fab) (width 0.1))
    (fp_text user %R (at 0 -2.3) (layer F.Fab)
      (effects (font (size 1 1) (thickness 0.15)))
    )
    (pad 1 smd rect (at -1.75 -0.7 180) (size 1.5 1) (layers F.Cu F.Paste F.Mask)
      (net 18 "Net-(D8-Pad1)"))
    (pad 2 smd rect (at -1.75 0.7 180) (size 1.5 1) (layers F.Cu F.Paste F.Mask)
      (net 17 "Net-(D8-Pad2)"))
    (pad 4 smd rect (at 1.75 -0.7 180) (size 1.5 1) (layers F.Cu F.Paste F.Mask)
      (net 93 "Net-(D8-Pad4)"))
    (pad 3 smd rect (at 1.75 0.7 180) (size 1.5 1) (layers F.Cu F.Paste F.Mask)
      (net 94 "Net-(D8-Pad3)"))
    (model ${KISYS3DMOD}/LED_SMD.3dshapes/LED_RGB_1210.wrl
      (at (xyz 0 0 0))
      (scale (xyz 1 1 1))
      (rotate (xyz 0 0 0))
    )
  )

  (module LED_SMD:LED_RGB_1210 (layer F.Cu) (tedit 5979AE99) (tstamp 5D1979A2)
    (at 133.35 116.205)
    (descr "RGB LED 3.2x2.7mm http://www.avagotech.com/docs/AV02-0610EN")
    (tags "LED 3227")
    (path /5D1A2EC4)
    (attr smd)
    (fp_text reference D9 (at 0 -2.3) (layer F.SilkS)
      (effects (font (size 1 1) (thickness 0.15)))
    )
    (fp_text value LED_Dual_AACC_pins (at 0 2.45) (layer F.Fab)
      (effects (font (size 1 1) (thickness 0.15)))
    )
    (fp_text user %R (at 0 -2.3) (layer F.Fab)
      (effects (font (size 1 1) (thickness 0.15)))
    )
    (fp_line (start -1.6 -0.675) (end -0.925 -1.35) (layer F.Fab) (width 0.1))
    (fp_line (start -1.6 1.35) (end -1.6 -0.675) (layer F.Fab) (width 0.1))
    (fp_line (start 1.6 1.35) (end -1.6 1.35) (layer F.Fab) (width 0.1))
    (fp_line (start 1.6 -1.35) (end 1.6 1.35) (layer F.Fab) (width 0.1))
    (fp_line (start -0.925 -1.35) (end 1.6 -1.35) (layer F.Fab) (width 0.1))
    (fp_line (start -2.8 -0.5) (end -2.8 -1.5) (layer F.SilkS) (width 0.15))
    (fp_line (start 2.7 -1.5) (end -2.8 -1.5) (layer F.SilkS) (width 0.15))
    (fp_line (start 2.7 1.5) (end -2.7 1.5) (layer F.SilkS) (width 0.15))
    (fp_line (start 2.85 1.65) (end 2.85 -1.65) (layer F.CrtYd) (width 0.05))
    (fp_line (start 2.85 -1.65) (end -2.95 -1.65) (layer F.CrtYd) (width 0.05))
    (fp_line (start -2.95 -1.65) (end -2.95 1.65) (layer F.CrtYd) (width 0.05))
    (fp_line (start -2.95 1.65) (end 2.85 1.65) (layer F.CrtYd) (width 0.05))
    (pad 3 smd rect (at 1.75 0.7 180) (size 1.5 1) (layers F.Cu F.Paste F.Mask)
      (net 95 "Net-(D9-Pad3)"))
    (pad 4 smd rect (at 1.75 -0.7 180) (size 1.5 1) (layers F.Cu F.Paste F.Mask)
      (net 96 "Net-(D9-Pad4)"))
    (pad 2 smd rect (at -1.75 0.7 180) (size 1.5 1) (layers F.Cu F.Paste F.Mask)
      (net 20 "Net-(D9-Pad2)"))
    (pad 1 smd rect (at -1.75 -0.7 180) (size 1.5 1) (layers F.Cu F.Paste F.Mask)
      (net 19 "Net-(D9-Pad1)"))
    (model ${KISYS3DMOD}/LED_SMD.3dshapes/LED_RGB_1210.wrl
      (at (xyz 0 0 0))
      (scale (xyz 1 1 1))
      (rotate (xyz 0 0 0))
    )
  )

  (module LED_SMD:LED_RGB_1210 (layer F.Cu) (tedit 5979AE99) (tstamp 5D19789E)
    (at 126.365 125.73 315)
    (descr "RGB LED 3.2x2.7mm http://www.avagotech.com/docs/AV02-0610EN")
    (tags "LED 3227")
    (path /5D1F6682)
    (attr smd)
    (fp_text reference D10 (at 0 -2.3 315) (layer F.SilkS)
      (effects (font (size 1 1) (thickness 0.15)))
    )
    (fp_text value LED_Dual_AACC_pins (at 0 2.45 315) (layer F.Fab)
      (effects (font (size 1 1) (thickness 0.15)))
    )
    (fp_text user %R (at 0 -2.3 315) (layer F.Fab)
      (effects (font (size 1 1) (thickness 0.15)))
    )
    (fp_line (start -1.6 -0.675) (end -0.925 -1.35) (layer F.Fab) (width 0.1))
    (fp_line (start -1.6 1.35) (end -1.6 -0.675) (layer F.Fab) (width 0.1))
    (fp_line (start 1.6 1.35) (end -1.6 1.35) (layer F.Fab) (width 0.1))
    (fp_line (start 1.6 -1.35) (end 1.6 1.35) (layer F.Fab) (width 0.1))
    (fp_line (start -0.925 -1.35) (end 1.6 -1.35) (layer F.Fab) (width 0.1))
    (fp_line (start -2.8 -0.5) (end -2.8 -1.5) (layer F.SilkS) (width 0.15))
    (fp_line (start 2.7 -1.5) (end -2.8 -1.5) (layer F.SilkS) (width 0.15))
    (fp_line (start 2.7 1.5) (end -2.7 1.5) (layer F.SilkS) (width 0.15))
    (fp_line (start 2.85 1.65) (end 2.85 -1.65) (layer F.CrtYd) (width 0.05))
    (fp_line (start 2.85 -1.65) (end -2.95 -1.65) (layer F.CrtYd) (width 0.05))
    (fp_line (start -2.95 -1.65) (end -2.95 1.65) (layer F.CrtYd) (width 0.05))
    (fp_line (start -2.95 1.65) (end 2.85 1.65) (layer F.CrtYd) (width 0.05))
    (pad 3 smd rect (at 1.75 0.7 135) (size 1.5 1) (layers F.Cu F.Paste F.Mask)
      (net 24 "Net-(D10-Pad3)"))
    (pad 4 smd rect (at 1.75 -0.7 135) (size 1.5 1) (layers F.Cu F.Paste F.Mask)
      (net 23 "Net-(D10-Pad4)"))
    (pad 2 smd rect (at -1.75 0.7 135) (size 1.5 1) (layers F.Cu F.Paste F.Mask)
      (net 22 "Net-(D10-Pad2)"))
    (pad 1 smd rect (at -1.75 -0.7 135) (size 1.5 1) (layers F.Cu F.Paste F.Mask)
      (net 21 "Net-(D10-Pad1)"))
    (model ${KISYS3DMOD}/LED_SMD.3dshapes/LED_RGB_1210.wrl
      (at (xyz 0 0 0))
      (scale (xyz 1 1 1))
      (rotate (xyz 0 0 0))
    )
  )

  (module LED_SMD:LED_RGB_1210 (layer F.Cu) (tedit 5979AE99) (tstamp 5D197810)
    (at 116.84 132.715 270)
    (descr "RGB LED 3.2x2.7mm http://www.avagotech.com/docs/AV02-0610EN")
    (tags "LED 3227")
    (path /5D1A3D61)
    (attr smd)
    (fp_text reference D11 (at 0 -2.3 270) (layer F.SilkS)
      (effects (font (size 1 1) (thickness 0.15)))
    )
    (fp_text value LED_Dual_AACC_pins (at 0 2.45 270) (layer F.Fab)
      (effects (font (size 1 1) (thickness 0.15)))
    )
    (fp_line (start -2.95 1.65) (end 2.85 1.65) (layer F.CrtYd) (width 0.05))
    (fp_line (start -2.95 -1.65) (end -2.95 1.65) (layer F.CrtYd) (width 0.05))
    (fp_line (start 2.85 -1.65) (end -2.95 -1.65) (layer F.CrtYd) (width 0.05))
    (fp_line (start 2.85 1.65) (end 2.85 -1.65) (layer F.CrtYd) (width 0.05))
    (fp_line (start 2.7 1.5) (end -2.7 1.5) (layer F.SilkS) (width 0.15))
    (fp_line (start 2.7 -1.5) (end -2.8 -1.5) (layer F.SilkS) (width 0.15))
    (fp_line (start -2.8 -0.5) (end -2.8 -1.5) (layer F.SilkS) (width 0.15))
    (fp_line (start -0.925 -1.35) (end 1.6 -1.35) (layer F.Fab) (width 0.1))
    (fp_line (start 1.6 -1.35) (end 1.6 1.35) (layer F.Fab) (width 0.1))
    (fp_line (start 1.6 1.35) (end -1.6 1.35) (layer F.Fab) (width 0.1))
    (fp_line (start -1.6 1.35) (end -1.6 -0.675) (layer F.Fab) (width 0.1))
    (fp_line (start -1.6 -0.675) (end -0.925 -1.35) (layer F.Fab) (width 0.1))
    (fp_text user %R (at 0 -2.3 270) (layer F.Fab)
      (effects (font (size 1 1) (thickness 0.15)))
    )
    (pad 1 smd rect (at -1.75 -0.7 90) (size 1.5 1) (layers F.Cu F.Paste F.Mask)
      (net 28 "Net-(D11-Pad1)"))
    (pad 2 smd rect (at -1.75 0.7 90) (size 1.5 1) (layers F.Cu F.Paste F.Mask)
      (net 27 "Net-(D11-Pad2)"))
    (pad 4 smd rect (at 1.75 -0.7 90) (size 1.5 1) (layers F.Cu F.Paste F.Mask)
      (net 26 "Net-(D11-Pad4)"))
    (pad 3 smd rect (at 1.75 0.7 90) (size 1.5 1) (layers F.Cu F.Paste F.Mask)
      (net 25 "Net-(D11-Pad3)"))
    (model ${KISYS3DMOD}/LED_SMD.3dshapes/LED_RGB_1210.wrl
      (at (xyz 0 0 0))
      (scale (xyz 1 1 1))
      (rotate (xyz 0 0 0))
    )
  )

  (module LED_SMD:LED_RGB_1210 (layer F.Cu) (tedit 5979AE99) (tstamp 5D197782)
    (at 106.045 137.16 270)
    (descr "RGB LED 3.2x2.7mm http://www.avagotech.com/docs/AV02-0610EN")
    (tags "LED 3227")
    (path /5D1F668C)
    (attr smd)
    (fp_text reference D12 (at 0 -2.3 270) (layer F.SilkS)
      (effects (font (size 1 1) (thickness 0.15)))
    )
    (fp_text value LED_Dual_AACC_pins (at 0 2.45 270) (layer F.Fab)
      (effects (font (size 1 1) (thickness 0.15)))
    )
    (fp_line (start -2.95 1.65) (end 2.85 1.65) (layer F.CrtYd) (width 0.05))
    (fp_line (start -2.95 -1.65) (end -2.95 1.65) (layer F.CrtYd) (width 0.05))
    (fp_line (start 2.85 -1.65) (end -2.95 -1.65) (layer F.CrtYd) (width 0.05))
    (fp_line (start 2.85 1.65) (end 2.85 -1.65) (layer F.CrtYd) (width 0.05))
    (fp_line (start 2.7 1.5) (end -2.7 1.5) (layer F.SilkS) (width 0.15))
    (fp_line (start 2.7 -1.5) (end -2.8 -1.5) (layer F.SilkS) (width 0.15))
    (fp_line (start -2.8 -0.5) (end -2.8 -1.5) (layer F.SilkS) (width 0.15))
    (fp_line (start -0.925 -1.35) (end 1.6 -1.35) (layer F.Fab) (width 0.1))
    (fp_line (start 1.6 -1.35) (end 1.6 1.35) (layer F.Fab) (width 0.1))
    (fp_line (start 1.6 1.35) (end -1.6 1.35) (layer F.Fab) (width 0.1))
    (fp_line (start -1.6 1.35) (end -1.6 -0.675) (layer F.Fab) (width 0.1))
    (fp_line (start -1.6 -0.675) (end -0.925 -1.35) (layer F.Fab) (width 0.1))
    (fp_text user %R (at 0 -2.3 270) (layer F.Fab)
      (effects (font (size 1 1) (thickness 0.15)))
    )
    (pad 1 smd rect (at -1.75 -0.7 90) (size 1.5 1) (layers F.Cu F.Paste F.Mask)
      (net 29 "Net-(D12-Pad1)"))
    (pad 2 smd rect (at -1.75 0.7 90) (size 1.5 1) (layers F.Cu F.Paste F.Mask)
      (net 30 "Net-(D12-Pad2)"))
    (pad 4 smd rect (at 1.75 -0.7 90) (size 1.5 1) (layers F.Cu F.Paste F.Mask)
      (net 31 "Net-(D12-Pad4)"))
    (pad 3 smd rect (at 1.75 0.7 90) (size 1.5 1) (layers F.Cu F.Paste F.Mask)
      (net 32 "Net-(D12-Pad3)"))
    (model ${KISYS3DMOD}/LED_SMD.3dshapes/LED_RGB_1210.wrl
      (at (xyz 0 0 0))
      (scale (xyz 1 1 1))
      (rotate (xyz 0 0 0))
    )
  )

  (module LED_SMD:LED_RGB_1210 (layer F.Cu) (tedit 5979AE99) (tstamp 5D1959E4)
    (at 93.98 139.065 270)
    (descr "RGB LED 3.2x2.7mm http://www.avagotech.com/docs/AV02-0610EN")
    (tags "LED 3227")
    (path /5D1A6BDD)
    (attr smd)
    (fp_text reference D13 (at 0 -2.3 270) (layer F.SilkS)
      (effects (font (size 1 1) (thickness 0.15)))
    )
    (fp_text value LED_Dual_AACC_pins (at 0 2.45 270) (layer F.Fab)
      (effects (font (size 1 1) (thickness 0.15)))
    )
    (fp_text user %R (at 0 -2.3 270) (layer F.Fab)
      (effects (font (size 1 1) (thickness 0.15)))
    )
    (fp_line (start -1.6 -0.675) (end -0.925 -1.35) (layer F.Fab) (width 0.1))
    (fp_line (start -1.6 1.35) (end -1.6 -0.675) (layer F.Fab) (width 0.1))
    (fp_line (start 1.6 1.35) (end -1.6 1.35) (layer F.Fab) (width 0.1))
    (fp_line (start 1.6 -1.35) (end 1.6 1.35) (layer F.Fab) (width 0.1))
    (fp_line (start -0.925 -1.35) (end 1.6 -1.35) (layer F.Fab) (width 0.1))
    (fp_line (start -2.8 -0.5) (end -2.8 -1.5) (layer F.SilkS) (width 0.15))
    (fp_line (start 2.7 -1.5) (end -2.8 -1.5) (layer F.SilkS) (width 0.15))
    (fp_line (start 2.7 1.5) (end -2.7 1.5) (layer F.SilkS) (width 0.15))
    (fp_line (start 2.85 1.65) (end 2.85 -1.65) (layer F.CrtYd) (width 0.05))
    (fp_line (start 2.85 -1.65) (end -2.95 -1.65) (layer F.CrtYd) (width 0.05))
    (fp_line (start -2.95 -1.65) (end -2.95 1.65) (layer F.CrtYd) (width 0.05))
    (fp_line (start -2.95 1.65) (end 2.85 1.65) (layer F.CrtYd) (width 0.05))
    (pad 3 smd rect (at 1.75 0.7 90) (size 1.5 1) (layers F.Cu F.Paste F.Mask)
      (net 33 "Net-(D13-Pad3)"))
    (pad 4 smd rect (at 1.75 -0.7 90) (size 1.5 1) (layers F.Cu F.Paste F.Mask)
      (net 34 "Net-(D13-Pad4)"))
    (pad 2 smd rect (at -1.75 0.7 90) (size 1.5 1) (layers F.Cu F.Paste F.Mask)
      (net 35 "Net-(D13-Pad2)"))
    (pad 1 smd rect (at -1.75 -0.7 90) (size 1.5 1) (layers F.Cu F.Paste F.Mask)
      (net 36 "Net-(D13-Pad1)"))
    (model ${KISYS3DMOD}/LED_SMD.3dshapes/LED_RGB_1210.wrl
      (at (xyz 0 0 0))
      (scale (xyz 1 1 1))
      (rotate (xyz 0 0 0))
    )
  )

  (module LED_SMD:LED_RGB_1210 (layer F.Cu) (tedit 5979AE99) (tstamp 5D1959F9)
    (at 81.28 137.16 270)
    (descr "RGB LED 3.2x2.7mm http://www.avagotech.com/docs/AV02-0610EN")
    (tags "LED 3227")
    (path /5D1F6696)
    (attr smd)
    (fp_text reference D14 (at 0 -2.3 270) (layer F.SilkS)
      (effects (font (size 1 1) (thickness 0.15)))
    )
    (fp_text value LED_Dual_AACC_pins (at 0 2.45 270) (layer F.Fab)
      (effects (font (size 1 1) (thickness 0.15)))
    )
    (fp_text user %R (at 0 -2.3 270) (layer F.Fab)
      (effects (font (size 1 1) (thickness 0.15)))
    )
    (fp_line (start -1.6 -0.675) (end -0.925 -1.35) (layer F.Fab) (width 0.1))
    (fp_line (start -1.6 1.35) (end -1.6 -0.675) (layer F.Fab) (width 0.1))
    (fp_line (start 1.6 1.35) (end -1.6 1.35) (layer F.Fab) (width 0.1))
    (fp_line (start 1.6 -1.35) (end 1.6 1.35) (layer F.Fab) (width 0.1))
    (fp_line (start -0.925 -1.35) (end 1.6 -1.35) (layer F.Fab) (width 0.1))
    (fp_line (start -2.8 -0.5) (end -2.8 -1.5) (layer F.SilkS) (width 0.15))
    (fp_line (start 2.7 -1.5) (end -2.8 -1.5) (layer F.SilkS) (width 0.15))
    (fp_line (start 2.7 1.5) (end -2.7 1.5) (layer F.SilkS) (width 0.15))
    (fp_line (start 2.85 1.65) (end 2.85 -1.65) (layer F.CrtYd) (width 0.05))
    (fp_line (start 2.85 -1.65) (end -2.95 -1.65) (layer F.CrtYd) (width 0.05))
    (fp_line (start -2.95 -1.65) (end -2.95 1.65) (layer F.CrtYd) (width 0.05))
    (fp_line (start -2.95 1.65) (end 2.85 1.65) (layer F.CrtYd) (width 0.05))
    (pad 3 smd rect (at 1.75 0.7 90) (size 1.5 1) (layers F.Cu F.Paste F.Mask)
      (net 40 "Net-(D14-Pad3)"))
    (pad 4 smd rect (at 1.75 -0.7 90) (size 1.5 1) (layers F.Cu F.Paste F.Mask)
      (net 39 "Net-(D14-Pad4)"))
